0.0	2	3.87	9.36	1	0.0	-1.0	0.0	-1.0	0.0	-1.0	0.0	-1.0	0.0	-1.0	0.0	-1.0	0.0	-1.0	0.0	-1.0	1.0	2.933
0.0	28	1.5	33.54	1	0.0	-1.0	0.0	-1.0	0.0	-1.0	0.0	-1.0	0.0	-1.0	0.0	-1.0	0.0	-1.0	0.0	-1.0	0.0	-1.0
0.0	27	2.68	34.73	1	0.0	-1.0	0.0	-1.0	0.0	-1.0	0.0	-1.0	0.0	-1.0	0.0	-1.0	0.0	-1.0	0.0	-1.0	0.0	-1.0
0.0	26	4.26	32.32	1	0.0	-1.0	0.0	-1.0	0.0	-1.0	0.0	-1.0	0.0	-1.0	0.0	-1.0	0.0	-1.0	0.0	-1.0	0.0	-1.0
0.0	16	-23.45	28.45	1	0.0	-1.0	0.0	-1.0	0.0	-1.0	0.0	-1.0	0.0	-1.0	0.0	-1.0	0.0	-1.0	0.0	-1.0	0.0	-1.0
0.0	15	1.07	29.59	1	0.0	-1.0	1.0	3.434	1.0	3.796	0.0	-1.0	0.0	-1.0	0.0	-1.0	0.0	-1.0	0.0	-1.0	0.0	-1.0
0.0	14	0.3	44.64	1	0.0	-1.0	0.0	-1.0	0.0	-1.0	0.0	-1.0	0.0	-1.0	0.0	-1.0	0.0	-1.0	0.0	-1.0	0.0	-1.0
0.0	11	-2.65	35.14	1	0.0	-1.0	0.0	-1.0	0.0	-1.0	0.0	-1.0	0.0	-1.0	0.0	-1.0	0.0	-1.0	0.0	-1.0	0.0	-1.0
0.0	10	-10.5	1.2	1	0.0	-1.0	0.0	-1.0	0.0	-1.0	0.0	-1.0	0.0	-1.0	0.0	-1.0	0.0	-1.0	0.0	-1.0	0.0	-1.0
0.0	7	-24.24	13.33	1	0.0	-1.0	0.0	-1.0	0.0	-1.0	0.0	-1.0	0.0	-1.0	0.0	-1.0	0.0	-1.0	0.0	-1.0	0.0	-1.0
0.0	6	-26.1	0.81	1	0.0	-1.0	0.0	-1.0	0.0	-1.0	0.0	-1.0	1.0	0.587	0.0	-1.0	0.0	-1.0	1.0	0.987	0.0	-1.0
0.0	5	-12.93	0.34	1	0.0	-1.0	0.0	-1.0	0.0	-1.0	0.0	-1.0	0.0	-1.0	0.0	-1.0	0.0	-1.0	0.0	-1.0	0.0	-1.0
0.0	4	-17.33	-0.81	1	0.0	-1.0	0.0	-1.0	0.0	-1.0	0.0	-1.0	0.0	-1.0	0.0	-1.0	0.0	-1.0	1.0	2.752	1.0	2.769
0.0	12	-0.95	34.8	1	0.0	-1.0	0.0	-1.0	0.0	-1.0	0.0	-1.0	0.0	-1.0	0.0	-1.0	0.0	-1.0	0.0	-1.0	0.0	-1.0
1.0	10	-10.42	1.38	1	0.0	-1.0	0.0	-1.0	0.0	-1.0	0.0	-1.0	0.0	-1.0	0.0	-1.0	0.0	-1.0	0.0	-1.0	0.0	-1.0
1.0	27	2.37	34.73	1	0.0	-1.0	0.0	-1.0	0.0	-1.0	0.0	-1.0	0.0	-1.0	0.0	-1.0	0.0	-1.0	0.0	-1.0	0.0	-1.0
1.0	26	3.83	32.4	1	0.0	-1.0	0.0	-1.0	0.0	-1.0	0.0	-1.0	0.0	-1.0	0.0	-1.0	0.0	-1.0	0.0	-1.0	0.0	-1.0
1.0	7	-23.1	13.15	1	0.0	-1.0	0.0	-1.0	0.0	-1.0	0.0	-1.0	0.0	-1.0	0.0	-1.0	0.0	-1.0	0.0	-1.0	0.0	-1.0
1.0	11	-2.72	34.98	1	0.0	-1.0	0.0	-1.0	0.0	-1.0	0.0	-1.0	0.0	-1.0	0.0	-1.0	0.0	-1.0	0.0	-1.0	0.0	-1.0
1.0	12	-1.03	34.8	1	0.0	-1.0	0.0	-1.0	0.0	-1.0	0.0	-1.0	0.0	-1.0	0.0	-1.0	0.0	-1.0	0.0	-1.0	0.0	-1.0
1.0	4	-17.89	-1.05	1	0.0	-1.0	0.0	-1.0	0.0	-1.0	0.0	-1.0	0.0	-1.0	1.0	2.64	1.0	3.859	1.0	2.497	1.0	2.499
1.0	5	-12.69	0.34	1	0.0	-1.0	0.0	-1.0	0.0	-1.0	0.0	-1.0	0.0	-1.0	0.0	-1.0	0.0	-1.0	0.0	-1.0	0.0	-1.0
1.0	16	-22.98	28.29	1	0.0	-1.0	0.0	-1.0	0.0	-1.0	0.0	-1.0	0.0	-1.0	0.0	-1.0	0.0	-1.0	0.0	-1.0	0.0	-1.0
1.0	2	3.91	9.04	1	0.0	-1.0	0.0	-1.0	0.0	-1.0	0.0	-1.0	0.0	-1.0	0.0	-1.0	0.0	-1.0	0.0	-1.0	1.0	2.759
1.0	28	1.18	33.54	1	0.0	-1.0	0.0	-1.0	0.0	-1.0	0.0	-1.0	0.0	-1.0	0.0	-1.0	0.0	-1.0	0.0	-1.0	0.0	-1.0
1.0	15	3.2	29.12	1	1.0	3.984	0.0	-1.0	0.0	-1.0	0.0	-1.0	0.0	-1.0	0.0	-1.0	0.0	-1.0	0.0	-1.0	0.0	-1.0
1.0	14	0.3	44.0	1	0.0	-1.0	0.0	-1.0	0.0	-1.0	0.0	-1.0	0.0	-1.0	0.0	-1.0	0.0	-1.0	0.0	-1.0	0.0	-1.0
1.0	6	-26.1	0.81	1	0.0	-1.0	0.0	-1.0	0.0	-1.0	0.0	-1.0	1.0	0.587	0.0	-1.0	0.0	-1.0	1.0	0.987	0.0	-1.0
2.0	27	2.05	34.9	1	0.0	-1.0	0.0	-1.0	0.0	-1.0	0.0	-1.0	0.0	-1.0	0.0	-1.0	0.0	-1.0	0.0	-1.0	0.0	-1.0
2.0	12	-1.5	34.8	1	0.0	-1.0	0.0	-1.0	0.0	-1.0	0.0	-1.0	0.0	-1.0	0.0	-1.0	0.0	-1.0	0.0	-1.0	0.0	-1.0
2.0	5	-12.32	0.34	1	0.0	-1.0	0.0	-1.0	0.0	-1.0	0.0	-1.0	0.0	-1.0	0.0	-1.0	0.0	-1.0	0.0	-1.0	0.0	-1.0
2.0	28	0.87	33.7	1	0.0	-1.0	0.0	-1.0	0.0	-1.0	0.0	-1.0	0.0	-1.0	0.0	-1.0	0.0	-1.0	0.0	-1.0	0.0	-1.0
2.0	11	-3.32	34.82	1	0.0	-1.0	0.0	-1.0	1.0	4.016	0.0	-1.0	0.0	-1.0	0.0	-1.0	0.0	-1.0	0.0	-1.0	0.0	-1.0
2.0	15	4.62	28.61	1	1.0	4.102	0.0	-1.0	0.0	-1.0	0.0	-1.0	0.0	-1.0	0.0	-1.0	0.0	-1.0	0.0	-1.0	0.0	-1.0
2.0	16	-22.51	28.13	1	0.0	-1.0	0.0	-1.0	0.0	-1.0	0.0	-1.0	0.0	-1.0	0.0	-1.0	0.0	-1.0	0.0	-1.0	0.0	-1.0
2.0	7	-21.83	12.81	1	0.0	-1.0	0.0	-1.0	0.0	-1.0	0.0	-1.0	0.0	-1.0	0.0	-1.0	0.0	-1.0	0.0	-1.0	0.0	-1.0
2.0	6	-26.1	0.81	1	0.0	-1.0	0.0	-1.0	0.0	-1.0	0.0	-1.0	1.0	0.587	0.0	-1.0	0.0	-1.0	1.0	0.987	0.0	-1.0
2.0	26	3.44	32.55	1	0.0	-1.0	0.0	-1.0	0.0	-1.0	0.0	-1.0	0.0	-1.0	0.0	-1.0	0.0	-1.0	0.0	-1.0	0.0	-1.0
2.0	4	-18.44	-1.2	1	0.0	-1.0	0.0	-1.0	0.0	-1.0	0.0	-1.0	0.0	-1.0	1.0	2.471	1.0	3.037	1.0	2.328	1.0	2.319
2.0	14	0.3	43.53	1	0.0	-1.0	0.0	-1.0	0.0	-1.0	0.0	-1.0	0.0	-1.0	0.0	-1.0	0.0	-1.0	0.0	-1.0	0.0	-1.0
2.0	2	4.11	9.2	1	0.0	-1.0	0.0	-1.0	1.0	3.401	0.0	-1.0	0.0	-1.0	1.0	2.671	0.0	-1.0	0.0	-1.0	1.0	3.256
2.0	10	-10.31	1.95	1	0.0	-1.0	0.0	-1.0	0.0	-1.0	0.0	-1.0	0.0	-1.0	0.0	-1.0	0.0	-1.0	0.0	-1.0	0.0	-1.0
3.0	6	-26.1	0.81	1	0.0	-1.0	0.0	-1.0	0.0	-1.0	0.0	-1.0	1.0	0.587	0.0	-1.0	0.0	-1.0	1.0	0.987	0.0	-1.0
3.0	11	-3.87	34.57	1	0.0	-1.0	0.0	-1.0	1.0	3.709	0.0	-1.0	0.0	-1.0	0.0	-1.0	0.0	-1.0	0.0	-1.0	0.0	-1.0
3.0	12	-2.05	34.9	1	0.0	-1.0	0.0	-1.0	0.0	-1.0	0.0	-1.0	0.0	-1.0	0.0	-1.0	0.0	-1.0	0.0	-1.0	0.0	-1.0
3.0	16	-21.95	27.97	1	0.0	-1.0	0.0	-1.0	0.0	-1.0	0.0	-1.0	0.0	-1.0	0.0	-1.0	0.0	-1.0	0.0	-1.0	0.0	-1.0
3.0	7	-20.57	12.65	1	0.0	-1.0	0.0	-1.0	0.0	-1.0	0.0	-1.0	0.0	-1.0	0.0	-1.0	0.0	-1.0	0.0	-1.0	0.0	-1.0
3.0	10	-10.23	2.35	1	0.0	-1.0	0.0	-1.0	0.0	-1.0	0.0	-1.0	0.0	-1.0	0.0	-1.0	0.0	-1.0	0.0	-1.0	1.0	3.69
3.0	15	6.51	27.82	1	0.0	-1.0	0.0	-1.0	0.0	-1.0	0.0	-1.0	0.0	-1.0	0.0	-1.0	0.0	-1.0	0.0	-1.0	0.0	-1.0
3.0	14	0.3	42.86	1	0.0	-1.0	0.0	-1.0	0.0	-1.0	0.0	-1.0	0.0	-1.0	0.0	-1.0	0.0	-1.0	0.0	-1.0	0.0	-1.0
3.0	4	-18.99	-1.2	1	0.0	-1.0	0.0	-1.0	0.0	-1.0	0.0	-1.0	0.0	-1.0	0.0	-1.0	1.0	2.486	1.0	2.273	1.0	2.298
3.0	26	3.04	32.79	1	0.0	-1.0	0.0	-1.0	0.0	-1.0	0.0	-1.0	0.0	-1.0	0.0	-1.0	0.0	-1.0	0.0	-1.0	0.0	-1.0
3.0	28	0.65	33.86	1	0.0	-1.0	0.0	-1.0	0.0	-1.0	0.0	-1.0	0.0	-1.0	0.0	-1.0	0.0	-1.0	0.0	-1.0	0.0	-1.0
3.0	5	-12.08	0.26	1	0.0	-1.0	0.0	-1.0	0.0	-1.0	0.0	-1.0	0.0	-1.0	0.0	-1.0	0.0	-1.0	0.0	-1.0	0.0	-1.0
3.0	2	4.54	9.59	1	0.0	-1.0	1.0	2.54	1.0	2.531	0.0	-1.0	0.0	-1.0	1.0	2.85	0.0	-1.0	0.0	-1.0	0.0	-1.0
3.0	27	1.82	35.06	1	0.0	-1.0	0.0	-1.0	0.0	-1.0	0.0	-1.0	0.0	-1.0	0.0	-1.0	0.0	-1.0	0.0	-1.0	0.0	-1.0
4.0	10	-10.23	2.68	1	0.0	-1.0	0.0	-1.0	0.0	-1.0	0.0	-1.0	0.0	-1.0	0.0	-1.0	0.0	-1.0	0.0	-1.0	1.0	3.396
4.0	14	0.3	42.39	1	0.0	-1.0	0.0	-1.0	0.0	-1.0	0.0	-1.0	0.0	-1.0	0.0	-1.0	0.0	-1.0	0.0	-1.0	0.0	-1.0
4.0	16	-21.48	27.97	1	0.0	-1.0	0.0	-1.0	0.0	-1.0	0.0	-1.0	0.0	-1.0	0.0	-1.0	0.0	-1.0	0.0	-1.0	0.0	-1.0
4.0	5	-11.85	0.26	1	0.0	-1.0	0.0	-1.0	0.0	-1.0	0.0	-1.0	0.0	-1.0	0.0	-1.0	0.0	-1.0	0.0	-1.0	0.0	-1.0
4.0	11	-4.5	34.57	1	0.0	-1.0	1.0	3.794	1.0	3.185	0.0	-1.0	0.0	-1.0	0.0	-1.0	0.0	-1.0	0.0	-1.0	0.0	-1.0
4.0	6	-26.1	0.81	1	0.0	-1.0	0.0	-1.0	0.0	-1.0	0.0	-1.0	1.0	0.587	0.0	-1.0	0.0	-1.0	1.0	0.987	0.0	-1.0
4.0	15	8.33	27.18	1	0.0	-1.0	0.0	-1.0	0.0	-1.0	0.0	-1.0	0.0	-1.0	0.0	-1.0	0.0	-1.0	0.0	-1.0	0.0	-1.0
4.0	4	-19.54	-1.2	1	0.0	-1.0	0.0	-1.0	0.0	-1.0	0.0	-1.0	0.0	-1.0	0.0	-1.0	1.0	2.502	1.0	2.245	1.0	2.257
4.0	26	2.65	32.87	1	0.0	-1.0	0.0	-1.0	0.0	-1.0	0.0	-1.0	0.0	-1.0	0.0	-1.0	0.0	-1.0	0.0	-1.0	0.0	-1.0
4.0	7	-19.07	12.34	1	0.0	-1.0	0.0	-1.0	0.0	-1.0	0.0	-1.0	0.0	-1.0	0.0	-1.0	0.0	-1.0	0.0	-1.0	0.0	-1.0
4.0	27	1.5	35.24	1	0.0	-1.0	0.0	-1.0	0.0	-1.0	0.0	-1.0	0.0	-1.0	0.0	-1.0	0.0	-1.0	0.0	-1.0	0.0	-1.0
4.0	28	0.34	34.02	1	0.0	-1.0	0.0	-1.0	0.0	-1.0	0.0	-1.0	0.0	-1.0	0.0	-1.0	0.0	-1.0	0.0	-1.0	0.0	-1.0
4.0	2	5.01	9.52	1	0.0	-1.0	1.0	2.171	1.0	2.161	0.0	-1.0	0.0	-1.0	1.0	2.381	0.0	-1.0	0.0	-1.0	1.0	2.726
4.0	12	-2.45	35.06	1	0.0	-1.0	0.0	-1.0	0.0	-1.0	0.0	-1.0	0.0	-1.0	0.0	-1.0	0.0	-1.0	0.0	-1.0	0.0	-1.0
5.0	26	2.29	33.05	1	0.0	-1.0	0.0	-1.0	0.0	-1.0	0.0	-1.0	0.0	-1.0	0.0	-1.0	0.0	-1.0	0.0	-1.0	0.0	-1.0
5.0	10	-10.27	2.92	1	0.0	-1.0	0.0	-1.0	0.0	-1.0	0.0	-1.0	0.0	-1.0	1.0	3.082	0.0	-1.0	0.0	-1.0	1.0	3.144
5.0	11	-5.05	34.57	1	0.0	-1.0	1.0	2.912	1.0	2.767	0.0	-1.0	0.0	-1.0	1.0	2.918	0.0	-1.0	0.0	-1.0	0.0	-1.0
5.0	7	-17.73	12.18	1	0.0	-1.0	0.0	-1.0	0.0	-1.0	0.0	-1.0	0.0	-1.0	0.0	-1.0	0.0	-1.0	0.0	-1.0	0.0	-1.0
5.0	2	5.53	9.59	1	0.0	-1.0	1.0	1.951	1.0	1.902	0.0	-1.0	0.0	-1.0	1.0	1.857	0.0	-1.0	0.0	-1.0	1.0	2.323
5.0	27	1.18	35.56	1	0.0	-1.0	0.0	-1.0	0.0	-1.0	0.0	-1.0	0.0	-1.0	0.0	-1.0	0.0	-1.0	0.0	-1.0	0.0	-1.0
5.0	28	-0.2	33.86	1	0.0	-1.0	0.0	-1.0	0.0	-1.0	0.0	-1.0	0.0	-1.0	0.0	-1.0	0.0	-1.0	0.0	-1.0	0.0	-1.0
5.0	14	0.3	41.75	1	0.0	-1.0	0.0	-1.0	0.0	-1.0	0.0	-1.0	0.0	-1.0	0.0	-1.0	0.0	-1.0	0.0	-1.0	0.0	-1.0
5.0	15	10.07	26.36	1	0.0	-1.0	0.0	-1.0	0.0	-1.0	0.0	-1.0	0.0	-1.0	0.0	-1.0	0.0	-1.0	0.0	-1.0	0.0	-1.0
5.0	5	-11.61	0.26	1	0.0	-1.0	0.0	-1.0	0.0	-1.0	0.0	-1.0	0.0	-1.0	0.0	-1.0	0.0	-1.0	0.0	-1.0	0.0	-1.0
5.0	4	-19.7	-1.2	1	0.0	-1.0	0.0	-1.0	0.0	-1.0	0.0	-1.0	0.0	-1.0	0.0	-1.0	1.0	2.495	1.0	2.241	1.0	2.28
5.0	16	-20.85	27.82	1	0.0	-1.0	0.0	-1.0	0.0	-1.0	0.0	-1.0	0.0	-1.0	0.0	-1.0	0.0	-1.0	0.0	-1.0	0.0	-1.0
5.0	6	-26.1	0.81	1	0.0	-1.0	0.0	-1.0	0.0	-1.0	0.0	-1.0	1.0	0.587	0.0	-1.0	0.0	-1.0	1.0	0.987	0.0	-1.0
5.0	12	-2.84	35.06	1	0.0	-1.0	0.0	-1.0	1.0	4.372	0.0	-1.0	0.0	-1.0	0.0	-1.0	0.0	-1.0	0.0	-1.0	0.0	-1.0
6.0	12	-3.16	35.06	1	0.0	-1.0	0.0	-1.0	1.0	4.074	0.0	-1.0	0.0	-1.0	0.0	-1.0	0.0	-1.0	0.0	-1.0	0.0	-1.0
6.0	2	4.94	10.98	1	1.0	3.461	1.0	2.708	1.0	2.714	0.0	-1.0	0.0	-1.0	0.0	-1.0	0.0	-1.0	0.0	-1.0	0.0	-1.0
6.0	28	-0.83	33.38	1	0.0	-1.0	0.0	-1.0	0.0	-1.0	0.0	-1.0	0.0	-1.0	0.0	-1.0	0.0	-1.0	0.0	-1.0	0.0	-1.0
6.0	26	1.9	33.05	1	0.0	-1.0	0.0	-1.0	0.0	-1.0	0.0	-1.0	0.0	-1.0	0.0	-1.0	0.0	-1.0	0.0	-1.0	0.0	-1.0
6.0	10	-10.27	3.16	1	0.0	-1.0	0.0	-1.0	0.0	-1.0	0.0	-1.0	0.0	-1.0	1.0	2.875	0.0	-1.0	0.0	-1.0	1.0	2.964
6.0	6	-26.1	0.81	1	0.0	-1.0	0.0	-1.0	0.0	-1.0	0.0	-1.0	1.0	0.587	0.0	-1.0	0.0	-1.0	1.0	0.987	0.0	-1.0
6.0	11	-4.97	34.41	1	0.0	-1.0	1.0	3.06	1.0	2.893	0.0	-1.0	0.0	-1.0	0.0	-1.0	0.0	-1.0	0.0	-1.0	0.0	-1.0
6.0	14	0.3	41.28	1	0.0	-1.0	0.0	-1.0	0.0	-1.0	0.0	-1.0	0.0	-1.0	0.0	-1.0	0.0	-1.0	0.0	-1.0	0.0	-1.0
6.0	4	-19.94	-1.36	1	0.0	-1.0	0.0	-1.0	0.0	-1.0	0.0	-1.0	0.0	-1.0	0.0	-1.0	1.0	2.303	1.0	2.081	1.0	2.109
6.0	27	0.79	35.71	1	0.0	-1.0	0.0	-1.0	0.0	-1.0	0.0	-1.0	0.0	-1.0	0.0	-1.0	0.0	-1.0	0.0	-1.0	0.0	-1.0
6.0	5	-11.37	0.26	1	0.0	-1.0	0.0	-1.0	0.0	-1.0	0.0	-1.0	0.0	-1.0	0.0	-1.0	0.0	-1.0	0.0	-1.0	0.0	-1.0
6.0	15	11.81	25.72	1	0.0	-1.0	0.0	-1.0	0.0	-1.0	0.0	-1.0	0.0	-1.0	0.0	-1.0	0.0	-1.0	0.0	-1.0	0.0	-1.0
6.0	16	-20.29	27.82	1	0.0	-1.0	0.0	-1.0	0.0	-1.0	0.0	-1.0	0.0	-1.0	0.0	-1.0	0.0	-1.0	0.0	-1.0	0.0	-1.0
6.0	7	-16.78	12.18	1	0.0	-1.0	0.0	-1.0	0.0	-1.0	0.0	-1.0	0.0	-1.0	0.0	-1.0	0.0	-1.0	0.0	-1.0	0.0	-1.0
7.0	14	0.38	40.61	1	0.0	-1.0	0.0	-1.0	0.0	-1.0	0.0	-1.0	0.0	-1.0	0.0	-1.0	0.0	-1.0	0.0	-1.0	0.0	-1.0
7.0	11	-4.9	34.41	1	0.0	-1.0	1.0	3.15	1.0	2.969	0.0	-1.0	0.0	-1.0	0.0	-1.0	0.0	-1.0	0.0	-1.0	0.0	-1.0
7.0	2	5.61	10.4	1	1.0	2.644	1.0	1.982	1.0	1.953	0.0	-1.0	0.0	-1.0	1.0	1.95	0.0	-1.0	0.0	-1.0	0.0	-1.0
7.0	15	13.46	25.57	1	0.0	-1.0	0.0	-1.0	0.0	-1.0	0.0	-1.0	0.0	-1.0	0.0	-1.0	0.0	-1.0	0.0	-1.0	0.0	-1.0
7.0	10	-10.27	3.0	1	0.0	-1.0	0.0	-1.0	0.0	-1.0	0.0	-1.0	0.0	-1.0	1.0	2.999	0.0	-1.0	0.0	-1.0	1.0	3.084
7.0	16	-19.66	27.82	1	0.0	-1.0	0.0	-1.0	0.0	-1.0	0.0	-1.0	0.0	-1.0	0.0	-1.0	0.0	-1.0	0.0	-1.0	0.0	-1.0
7.0	12	-3.4	35.06	1	0.0	-1.0	0.0	-1.0	1.0	3.852	0.0	-1.0	0.0	-1.0	0.0	-1.0	0.0	-1.0	0.0	-1.0	0.0	-1.0
7.0	26	1.5	33.05	1	0.0	-1.0	0.0	-1.0	0.0	-1.0	0.0	-1.0	0.0	-1.0	0.0	-1.0	0.0	-1.0	0.0	-1.0	0.0	-1.0
7.0	4	-20.73	-1.36	1	0.0	-1.0	0.0	-1.0	0.0	-1.0	0.0	-1.0	0.0	-1.0	0.0	-1.0	1.0	2.295	1.0	2.066	1.0	2.118
7.0	27	0.49	35.71	1	0.0	-1.0	0.0	-1.0	0.0	-1.0	0.0	-1.0	0.0	-1.0	0.0	-1.0	0.0	-1.0	0.0	-1.0	0.0	-1.0
7.0	6	-26.1	0.81	1	0.0	-1.0	0.0	-1.0	0.0	-1.0	0.0	-1.0	1.0	0.587	0.0	-1.0	0.0	-1.0	1.0	0.987	0.0	-1.0
7.0	28	-1.38	33.23	1	0.0	-1.0	0.0	-1.0	0.0	-1.0	0.0	-1.0	0.0	-1.0	0.0	-1.0	0.0	-1.0	0.0	-1.0	0.0	-1.0
7.0	5	-11.21	0.26	1	0.0	-1.0	0.0	-1.0	0.0	-1.0	0.0	-1.0	0.0	-1.0	0.0	-1.0	0.0	-1.0	0.0	-1.0	0.0	-1.0
7.0	7	-15.06	11.86	1	0.0	-1.0	0.0	-1.0	0.0	-1.0	0.0	-1.0	0.0	-1.0	0.0	-1.0	0.0	-1.0	0.0	-1.0	0.0	-1.0
8.0	2	5.49	12.44	1	1.0	3.033	1.0	2.546	1.0	2.543	0.0	-1.0	0.0	-1.0	0.0	-1.0	0.0	-1.0	0.0	-1.0	0.0	-1.0
8.0	27	0.1	35.56	1	0.0	-1.0	0.0	-1.0	0.0	-1.0	0.0	-1.0	0.0	-1.0	0.0	-1.0	0.0	-1.0	0.0	-1.0	0.0	-1.0
8.0	6	-26.1	0.81	1	0.0	-1.0	0.0	-1.0	0.0	-1.0	0.0	-1.0	1.0	0.587	0.0	-1.0	0.0	-1.0	1.0	0.987	0.0	-1.0
8.0	11	-4.82	34.25	1	0.0	-1.0	1.0	3.45	1.0	3.145	0.0	-1.0	0.0	-1.0	0.0	-1.0	0.0	-1.0	0.0	-1.0	0.0	-1.0
8.0	28	-1.62	33.38	1	0.0	-1.0	0.0	-1.0	0.0	-1.0	0.0	-1.0	0.0	-1.0	0.0	-1.0	0.0	-1.0	0.0	-1.0	0.0	-1.0
8.0	7	-13.8	12.02	1	0.0	-1.0	0.0	-1.0	0.0	-1.0	0.0	-1.0	0.0	-1.0	0.0	-1.0	0.0	-1.0	0.0	-1.0	0.0	-1.0
8.0	12	-3.55	35.06	1	0.0	-1.0	0.0	-1.0	1.0	3.743	0.0	-1.0	0.0	-1.0	0.0	-1.0	0.0	-1.0	0.0	-1.0	0.0	-1.0
8.0	16	-19.11	27.66	1	0.0	-1.0	0.0	-1.0	0.0	-1.0	0.0	-1.0	0.0	-1.0	0.0	-1.0	0.0	-1.0	0.0	-1.0	0.0	-1.0
8.0	26	1.03	33.23	1	0.0	-1.0	0.0	-1.0	0.0	-1.0	0.0	-1.0	0.0	-1.0	0.0	-1.0	0.0	-1.0	0.0	-1.0	0.0	-1.0
8.0	5	-11.06	0.41	1	0.0	-1.0	0.0	-1.0	0.0	-1.0	0.0	-1.0	0.0	-1.0	0.0	-1.0	0.0	-1.0	0.0	-1.0	0.0	-1.0
8.0	10	-10.27	2.53	1	0.0	-1.0	0.0	-1.0	0.0	-1.0	0.0	-1.0	0.0	-1.0	0.0	-1.0	0.0	-1.0	0.0	-1.0	1.0	3.529
8.0	15	15.18	25.41	1	0.0	-1.0	0.0	-1.0	0.0	-1.0	0.0	-1.0	0.0	-1.0	0.0	-1.0	0.0	-1.0	0.0	-1.0	0.0	-1.0
8.0	14	0.53	40.14	1	0.0	-1.0	0.0	-1.0	0.0	-1.0	0.0	-1.0	0.0	-1.0	0.0	-1.0	0.0	-1.0	0.0	-1.0	0.0	-1.0
8.0	4	-21.52	-1.2	1	0.0	-1.0	0.0	-1.0	0.0	-1.0	0.0	-1.0	0.0	-1.0	0.0	-1.0	1.0	2.471	1.0	2.148	1.0	2.255
9.0	4	-22.31	-1.05	1	0.0	-1.0	0.0	-1.0	0.0	-1.0	0.0	-1.0	0.0	-1.0	0.0	-1.0	1.0	2.601	1.0	2.31	1.0	2.405
9.0	16	-18.56	27.66	1	0.0	-1.0	0.0	-1.0	0.0	-1.0	0.0	-1.0	0.0	-1.0	0.0	-1.0	0.0	-1.0	0.0	-1.0	0.0	-1.0
9.0	2	6.28	10.98	1	1.0	3.092	1.0	1.42	1.0	1.45	0.0	-1.0	1.0	1.458	1.0	1.437	0.0	-1.0	0.0	-1.0	0.0	-1.0
9.0	26	0.65	33.38	1	0.0	-1.0	0.0	-1.0	0.0	-1.0	0.0	-1.0	0.0	-1.0	0.0	-1.0	0.0	-1.0	0.0	-1.0	0.0	-1.0
9.0	10	-10.27	2.17	1	0.0	-1.0	0.0	-1.0	0.0	-1.0	0.0	-1.0	0.0	-1.0	0.0	-1.0	0.0	-1.0	0.0	-1.0	1.0	3.896
9.0	27	-0.28	35.4	1	0.0	-1.0	0.0	-1.0	0.0	-1.0	0.0	-1.0	0.0	-1.0	0.0	-1.0	0.0	-1.0	0.0	-1.0	0.0	-1.0
9.0	15	16.98	25.25	1	0.0	-1.0	0.0	-1.0	0.0	-1.0	0.0	-1.0	0.0	-1.0	0.0	-1.0	0.0	-1.0	0.0	-1.0	0.0	-1.0
9.0	28	-1.93	33.54	1	0.0	-1.0	0.0	-1.0	0.0	-1.0	0.0	-1.0	0.0	-1.0	0.0	-1.0	0.0	-1.0	0.0	-1.0	0.0	-1.0
9.0	7	-12.56	11.86	1	0.0	-1.0	0.0	-1.0	0.0	-1.0	0.0	-1.0	0.0	-1.0	0.0	-1.0	0.0	-1.0	0.0	-1.0	0.0	-1.0
9.0	11	-4.74	34.25	1	0.0	-1.0	1.0	3.585	1.0	3.197	0.0	-1.0	0.0	-1.0	0.0	-1.0	0.0	-1.0	0.0	-1.0	0.0	-1.0
9.0	5	-10.9	0.57	1	0.0	-1.0	0.0	-1.0	0.0	-1.0	0.0	-1.0	0.0	-1.0	0.0	-1.0	0.0	-1.0	0.0	-1.0	0.0	-1.0
9.0	12	-3.79	35.06	1	0.0	-1.0	0.0	-1.0	1.0	3.48	0.0	-1.0	0.0	-1.0	0.0	-1.0	0.0	-1.0	0.0	-1.0	0.0	-1.0
9.0	6	-26.1	0.81	1	0.0	-1.0	0.0	-1.0	0.0	-1.0	0.0	-1.0	1.0	0.587	0.0	-1.0	0.0	-1.0	1.0	0.987	0.0	-1.0
9.0	14	0.69	39.5	1	0.0	-1.0	0.0	-1.0	0.0	-1.0	0.0	-1.0	0.0	-1.0	0.0	-1.0	0.0	-1.0	0.0	-1.0	0.0	-1.0
10.0	4	-22.86	-1.05	1	0.0	-1.0	0.0	-1.0	1.0	4.094	0.0	-1.0	0.0	-1.0	0.0	-1.0	1.0	2.563	1.0	2.288	1.0	2.405
10.0	5	-11.06	0.73	1	0.0	-1.0	0.0	-1.0	0.0	-1.0	0.0	-1.0	0.0	-1.0	0.0	-1.0	0.0	-1.0	0.0	-1.0	0.0	-1.0
10.0	12	-3.95	35.06	1	0.0	-1.0	0.0	-1.0	1.0	3.392	0.0	-1.0	0.0	-1.0	0.0	-1.0	0.0	-1.0	0.0	-1.0	0.0	-1.0
10.0	11	-4.66	34.09	1	0.0	-1.0	0.0	-1.0	1.0	3.342	0.0	-1.0	0.0	-1.0	0.0	-1.0	0.0	-1.0	0.0	-1.0	0.0	-1.0
10.0	15	18.87	25.05	1	0.0	-1.0	0.0	-1.0	0.0	-1.0	0.0	-1.0	0.0	-1.0	0.0	-1.0	0.0	-1.0	0.0	-1.0	0.0	-1.0
10.0	2	6.79	11.21	1	1.0	2.055	1.0	0.972	1.0	1.313	0.0	-1.0	1.0	0.965	1.0	0.989	0.0	-1.0	0.0	-1.0	0.0	-1.0
10.0	6	-26.1	0.81	1	0.0	-1.0	0.0	-1.0	0.0	-1.0	0.0	-1.0	1.0	0.587	0.0	-1.0	0.0	-1.0	1.0	0.987	0.0	-1.0
10.0	28	-2.17	33.86	1	0.0	-1.0	0.0	-1.0	0.0	-1.0	0.0	-1.0	0.0	-1.0	0.0	-1.0	0.0	-1.0	0.0	-1.0	0.0	-1.0
10.0	26	0.26	33.54	1	0.0	-1.0	0.0	-1.0	0.0	-1.0	0.0	-1.0	0.0	-1.0	0.0	-1.0	0.0	-1.0	0.0	-1.0	0.0	-1.0
10.0	16	-17.93	27.66	1	0.0	-1.0	0.0	-1.0	0.0	-1.0	0.0	-1.0	0.0	-1.0	0.0	-1.0	0.0	-1.0	0.0	-1.0	0.0	-1.0
10.0	7	-11.37	10.88	1	0.0	-1.0	0.0	-1.0	1.0	3.766	0.0	-1.0	0.0	-1.0	0.0	-1.0	0.0	-1.0	0.0	-1.0	0.0	-1.0
10.0	10	-10.27	2.01	1	0.0	-1.0	0.0	-1.0	0.0	-1.0	0.0	-1.0	0.0	-1.0	0.0	-1.0	0.0	-1.0	0.0	-1.0	1.0	4.03
10.0	14	0.77	39.01	1	0.0	-1.0	0.0	-1.0	0.0	-1.0	0.0	-1.0	0.0	-1.0	0.0	-1.0	0.0	-1.0	0.0	-1.0	0.0	-1.0
10.0	27	-0.67	35.4	1	0.0	-1.0	0.0	-1.0	0.0	-1.0	0.0	-1.0	0.0	-1.0	0.0	-1.0	0.0	-1.0	0.0	-1.0	0.0	-1.0
11.0	28	-2.65	33.7	1	0.0	-1.0	0.0	-1.0	0.0	-1.0	0.0	-1.0	0.0	-1.0	0.0	-1.0	0.0	-1.0	0.0	-1.0	0.0	-1.0
11.0	4	-23.41	-1.05	1	0.0	-1.0	0.0	-1.0	1.0	3.733	0.0	-1.0	0.0	-1.0	0.0	-1.0	1.0	2.504	1.0	2.25	1.0	2.368
11.0	14	0.61	38.67	1	0.0	-1.0	0.0	-1.0	0.0	-1.0	0.0	-1.0	0.0	-1.0	0.0	-1.0	0.0	-1.0	0.0	-1.0	0.0	-1.0
11.0	2	6.79	11.21	1	1.0	2.055	1.0	0.972	1.0	1.313	0.0	-1.0	1.0	0.965	1.0	0.989	0.0	-1.0	0.0	-1.0	0.0	-1.0
11.0	12	-4.15	35.06	1	0.0	-1.0	0.0	-1.0	1.0	3.206	0.0	-1.0	0.0	-1.0	1.0	3.303	0.0	-1.0	0.0	-1.0	0.0	-1.0
11.0	5	-11.69	0.73	1	0.0	-1.0	0.0	-1.0	0.0	-1.0	0.0	-1.0	0.0	-1.0	0.0	-1.0	0.0	-1.0	0.0	-1.0	0.0	-1.0
11.0	27	-1.11	35.4	1	0.0	-1.0	0.0	-1.0	0.0	-1.0	0.0	-1.0	0.0	-1.0	0.0	-1.0	0.0	-1.0	0.0	-1.0	0.0	-1.0
11.0	15	20.77	25.05	1	0.0	-1.0	0.0	-1.0	0.0	-1.0	0.0	-1.0	0.0	-1.0	0.0	-1.0	0.0	-1.0	0.0	-1.0	0.0	-1.0
11.0	11	-4.58	33.94	1	0.0	-1.0	0.0	-1.0	1.0	3.475	0.0	-1.0	0.0	-1.0	0.0	-1.0	0.0	-1.0	0.0	-1.0	0.0	-1.0
11.0	6	-26.1	0.81	1	0.0	-1.0	0.0	-1.0	0.0	-1.0	0.0	-1.0	1.0	0.587	0.0	-1.0	0.0	-1.0	1.0	0.987	0.0	-1.0
11.0	26	-0.2	33.38	1	0.0	-1.0	0.0	-1.0	0.0	-1.0	0.0	-1.0	0.0	-1.0	0.0	-1.0	0.0	-1.0	0.0	-1.0	0.0	-1.0
11.0	16	-17.37	27.5	1	0.0	-1.0	0.0	-1.0	0.0	-1.0	0.0	-1.0	0.0	-1.0	0.0	-1.0	0.0	-1.0	0.0	-1.0	0.0	-1.0
11.0	10	-10.27	2.37	1	0.0	-1.0	0.0	-1.0	0.0	-1.0	0.0	-1.0	0.0	-1.0	0.0	-1.0	0.0	-1.0	0.0	-1.0	1.0	3.688
11.0	7	-10.19	10.25	1	1.0	3.974	1.0	3.12	0.0	-1.0	0.0	-1.0	0.0	-1.0	0.0	-1.0	0.0	-1.0	0.0	-1.0	0.0	-1.0
12.0	26	-0.67	33.38	1	0.0	-1.0	0.0	-1.0	0.0	-1.0	0.0	-1.0	0.0	-1.0	0.0	-1.0	0.0	-1.0	0.0	-1.0	0.0	-1.0
12.0	28	-3.04	33.54	1	0.0	-1.0	0.0	-1.0	0.0	-1.0	0.0	-1.0	0.0	-1.0	0.0	-1.0	0.0	-1.0	0.0	-1.0	0.0	-1.0
12.0	16	-16.74	27.5	1	0.0	-1.0	0.0	-1.0	0.0	-1.0	0.0	-1.0	0.0	-1.0	0.0	-1.0	0.0	-1.0	0.0	-1.0	0.0	-1.0
12.0	27	-1.5	35.4	1	0.0	-1.0	0.0	-1.0	0.0	-1.0	0.0	-1.0	0.0	-1.0	0.0	-1.0	0.0	-1.0	0.0	-1.0	0.0	-1.0
12.0	15	22.74	24.58	1	0.0	-1.0	0.0	-1.0	0.0	-1.0	0.0	-1.0	0.0	-1.0	0.0	-1.0	0.0	-1.0	0.0	-1.0	0.0	-1.0
12.0	30	7.03	30.22	1	0.0	-1.0	0.0	-1.0	0.0	-1.0	0.0	-1.0	0.0	-1.0	0.0	-1.0	0.0	-1.0	0.0	-1.0	0.0	-1.0
12.0	12	-4.34	35.06	1	0.0	-1.0	0.0	-1.0	1.0	3.033	0.0	-1.0	0.0	-1.0	1.0	3.141	0.0	-1.0	0.0	-1.0	0.0	-1.0
12.0	11	-4.5	33.94	1	0.0	-1.0	0.0	-1.0	1.0	3.598	0.0	-1.0	0.0	-1.0	0.0	-1.0	0.0	-1.0	0.0	-1.0	0.0	-1.0
12.0	2	6.87	11.29	1	1.0	2.015	1.0	0.92	1.0	1.307	0.0	-1.0	1.0	0.907	1.0	0.97	0.0	-1.0	0.0	-1.0	0.0	-1.0
12.0	4	-23.89	-1.2	1	0.0	-1.0	0.0	-1.0	1.0	3.526	0.0	-1.0	0.0	-1.0	0.0	-1.0	1.0	2.369	1.0	2.085	1.0	2.215
12.0	6	-26.1	0.81	1	0.0	-1.0	0.0	-1.0	0.0	-1.0	0.0	-1.0	1.0	0.587	0.0	-1.0	0.0	-1.0	1.0	0.987	0.0	-1.0
12.0	14	0.69	38.04	1	0.0	-1.0	0.0	-1.0	0.0	-1.0	0.0	-1.0	0.0	-1.0	0.0	-1.0	0.0	-1.0	0.0	-1.0	0.0	-1.0
12.0	10	-10.27	2.53	1	0.0	-1.0	0.0	-1.0	0.0	-1.0	0.0	-1.0	0.0	-1.0	0.0	-1.0	0.0	-1.0	0.0	-1.0	1.0	3.529
12.0	7	-9.87	9.28	1	1.0	2.307	1.0	2.204	0.0	-1.0	0.0	-1.0	0.0	-1.0	0.0	-1.0	0.0	-1.0	0.0	-1.0	0.0	-1.0
12.0	5	-12.32	0.73	1	0.0	-1.0	0.0	-1.0	0.0	-1.0	0.0	-1.0	0.0	-1.0	0.0	-1.0	0.0	-1.0	0.0	-1.0	0.0	-1.0
13.0	7	-9.16	9.12	1	1.0	2.352	1.0	2.355	0.0	-1.0	0.0	-1.0	0.0	-1.0	0.0	-1.0	0.0	-1.0	0.0	-1.0	0.0	-1.0
13.0	6	-26.1	0.81	1	0.0	-1.0	0.0	-1.0	0.0	-1.0	0.0	-1.0	1.0	0.587	0.0	-1.0	0.0	-1.0	1.0	0.987	0.0	-1.0
13.0	14	0.77	37.25	1	0.0	-1.0	0.0	-1.0	0.0	-1.0	0.0	-1.0	0.0	-1.0	0.0	-1.0	0.0	-1.0	0.0	-1.0	0.0	-1.0
13.0	15	24.8	24.11	1	0.0	-1.0	0.0	-1.0	0.0	-1.0	0.0	-1.0	0.0	-1.0	0.0	-1.0	0.0	-1.0	0.0	-1.0	0.0	-1.0
13.0	11	-4.42	33.78	1	0.0	-1.0	0.0	-1.0	0.0	-1.0	0.0	-1.0	0.0	-1.0	0.0	-1.0	0.0	-1.0	0.0	-1.0	0.0	-1.0
13.0	16	-16.19	27.5	1	0.0	-1.0	0.0	-1.0	0.0	-1.0	0.0	-1.0	0.0	-1.0	0.0	-1.0	0.0	-1.0	0.0	-1.0	0.0	-1.0
13.0	26	-1.07	33.23	1	0.0	-1.0	0.0	-1.0	0.0	-1.0	0.0	-1.0	0.0	-1.0	0.0	-1.0	0.0	-1.0	0.0	-1.0	0.0	-1.0
13.0	10	-10.27	2.68	1	0.0	-1.0	0.0	-1.0	0.0	-1.0	0.0	-1.0	0.0	-1.0	0.0	-1.0	0.0	-1.0	0.0	-1.0	1.0	3.382
13.0	17	-8.25	33.15	1	1.0	1.841	0.0	-1.0	0.0	-1.0	1.0	1.479	1.0	1.787	0.0	-1.0	1.0	1.514	1.0	1.7	0.0	-1.0
13.0	2	6.95	11.37	1	1.0	1.973	1.0	0.878	1.0	1.3	0.0	-1.0	1.0	0.847	1.0	0.878	0.0	-1.0	0.0	-1.0	0.0	-1.0
13.0	12	-4.54	35.06	1	0.0	-1.0	0.0	-1.0	1.0	2.903	0.0	-1.0	0.0	-1.0	1.0	2.945	0.0	-1.0	0.0	-1.0	0.0	-1.0
13.0	5	-12.4	0.73	1	0.0	-1.0	0.0	-1.0	0.0	-1.0	0.0	-1.0	0.0	-1.0	0.0	-1.0	0.0	-1.0	0.0	-1.0	0.0	-1.0
13.0	28	-3.44	33.38	1	0.0	-1.0	0.0	-1.0	0.0	-1.0	0.0	-1.0	0.0	-1.0	0.0	-1.0	0.0	-1.0	0.0	-1.0	0.0	-1.0
13.0	27	-1.86	35.48	1	0.0	-1.0	0.0	-1.0	0.0	-1.0	0.0	-1.0	0.0	-1.0	0.0	-1.0	0.0	-1.0	0.0	-1.0	0.0	-1.0
13.0	4	-24.44	-1.36	1	0.0	-1.0	0.0	-1.0	1.0	3.114	0.0	-1.0	0.0	-1.0	1.0	3.011	1.0	2.178	1.0	1.905	1.0	1.986
13.0	30	6.4	30.38	1	0.0	-1.0	0.0	-1.0	0.0	-1.0	0.0	-1.0	0.0	-1.0	0.0	-1.0	0.0	-1.0	0.0	-1.0	0.0	-1.0
14.0	5	-12.32	0.73	1	0.0	-1.0	0.0	-1.0	0.0	-1.0	0.0	-1.0	0.0	-1.0	0.0	-1.0	0.0	-1.0	0.0	-1.0	0.0	-1.0
14.0	28	-3.83	33.23	1	0.0	-1.0	0.0	-1.0	0.0	-1.0	0.0	-1.0	0.0	-1.0	0.0	-1.0	0.0	-1.0	0.0	-1.0	0.0	-1.0
14.0	16	-15.64	27.5	1	0.0	-1.0	0.0	-1.0	0.0	-1.0	0.0	-1.0	0.0	-1.0	0.0	-1.0	0.0	-1.0	0.0	-1.0	0.0	-1.0
14.0	30	5.84	30.54	1	0.0	-1.0	0.0	-1.0	0.0	-1.0	0.0	-1.0	0.0	-1.0	0.0	-1.0	0.0	-1.0	0.0	-1.0	0.0	-1.0
14.0	7	-8.53	8.0	1	1.0	2.035	1.0	2.006	0.0	-1.0	1.0	2.208	0.0	-1.0	0.0	-1.0	0.0	-1.0	0.0	-1.0	0.0	-1.0
14.0	27	-2.29	35.48	1	0.0	-1.0	0.0	-1.0	0.0	-1.0	0.0	-1.0	0.0	-1.0	0.0	-1.0	0.0	-1.0	0.0	-1.0	0.0	-1.0
14.0	26	-1.54	33.23	1	0.0	-1.0	0.0	-1.0	0.0	-1.0	0.0	-1.0	0.0	-1.0	0.0	-1.0	0.0	-1.0	0.0	-1.0	0.0	-1.0
14.0	6	-26.1	0.81	1	0.0	-1.0	0.0	-1.0	0.0	-1.0	0.0	-1.0	1.0	0.587	0.0	-1.0	0.0	-1.0	1.0	0.987	0.0	-1.0
14.0	4	-24.91	-1.52	1	0.0	-1.0	1.0	3.351	1.0	2.657	0.0	-1.0	0.0	-1.0	1.0	2.532	1.0	2.017	1.0	1.695	1.0	1.795
14.0	10	-10.27	3.0	1	0.0	-1.0	0.0	-1.0	0.0	-1.0	0.0	-1.0	0.0	-1.0	1.0	2.999	0.0	-1.0	0.0	-1.0	1.0	3.084
14.0	14	0.99	36.58	1	0.0	-1.0	0.0	-1.0	0.0	-1.0	0.0	-1.0	0.0	-1.0	0.0	-1.0	0.0	-1.0	0.0	-1.0	0.0	-1.0
14.0	2	7.03	11.45	1	1.0	1.929	1.0	0.794	1.0	1.294	0.0	-1.0	1.0	0.798	1.0	0.874	0.0	-1.0	0.0	-1.0	0.0	-1.0
14.0	17	-7.94	32.95	1	1.0	2.129	0.0	-1.0	0.0	-1.0	1.0	1.859	0.0	-1.0	0.0	-1.0	1.0	1.856	1.0	2.044	0.0	-1.0
14.0	11	-4.34	33.78	1	0.0	-1.0	0.0	-1.0	0.0	-1.0	0.0	-1.0	0.0	-1.0	0.0	-1.0	0.0	-1.0	0.0	-1.0	0.0	-1.0
14.0	12	-4.78	35.06	1	0.0	-1.0	0.0	-1.0	1.0	2.686	0.0	-1.0	0.0	-1.0	1.0	2.734	0.0	-1.0	0.0	-1.0	0.0	-1.0
14.0	15	26.77	24.11	1	0.0	-1.0	0.0	-1.0	0.0	-1.0	0.0	-1.0	0.0	-1.0	0.0	-1.0	0.0	-1.0	0.0	-1.0	0.0	-1.0
15.0	28	-4.15	33.38	1	0.0	-1.0	0.0	-1.0	1.0	4.241	0.0	-1.0	0.0	-1.0	0.0	-1.0	0.0	-1.0	0.0	-1.0	0.0	-1.0
15.0	14	1.22	36.03	1	0.0	-1.0	0.0	-1.0	0.0	-1.0	0.0	-1.0	0.0	-1.0	0.0	-1.0	0.0	-1.0	0.0	-1.0	0.0	-1.0
15.0	2	7.03	11.63	1	1.0	1.981	1.0	0.832	1.0	1.25	0.0	-1.0	1.0	0.854	1.0	0.922	0.0	-1.0	0.0	-1.0	0.0	-1.0
15.0	4	-25.47	-1.52	1	0.0	-1.0	1.0	2.886	1.0	2.11	0.0	-1.0	0.0	-1.0	1.0	1.97	1.0	2.055	1.0	1.709	1.0	1.757
15.0	27	-2.61	35.4	1	0.0	-1.0	0.0	-1.0	1.0	4.374	0.0	-1.0	0.0	-1.0	0.0	-1.0	0.0	-1.0	0.0	-1.0	0.0	-1.0
15.0	12	-4.94	35.06	1	0.0	-1.0	0.0	-1.0	1.0	2.558	0.0	-1.0	0.0	-1.0	1.0	2.615	0.0	-1.0	0.0	-1.0	0.0	-1.0
15.0	5	-12.32	0.73	1	0.0	-1.0	0.0	-1.0	0.0	-1.0	0.0	-1.0	0.0	-1.0	0.0	-1.0	0.0	-1.0	0.0	-1.0	0.0	-1.0
15.0	15	26.58	24.28	1	0.0	-1.0	0.0	-1.0	0.0	-1.0	0.0	-1.0	0.0	-1.0	0.0	-1.0	0.0	-1.0	0.0	-1.0	0.0	-1.0
15.0	6	-26.1	0.81	1	0.0	-1.0	0.0	-1.0	0.0	-1.0	0.0	-1.0	1.0	0.587	0.0	-1.0	0.0	-1.0	1.0	0.987	0.0	-1.0
15.0	30	5.37	30.7	1	0.0	-1.0	0.0	-1.0	0.0	-1.0	0.0	-1.0	0.0	-1.0	0.0	-1.0	0.0	-1.0	0.0	-1.0	0.0	-1.0
15.0	26	-1.93	33.23	1	0.0	-1.0	0.0	-1.0	0.0	-1.0	0.0	-1.0	0.0	-1.0	0.0	-1.0	0.0	-1.0	0.0	-1.0	0.0	-1.0
15.0	10	-10.27	3.16	1	0.0	-1.0	0.0	-1.0	0.0	-1.0	0.0	-1.0	0.0	-1.0	1.0	2.875	0.0	-1.0	0.0	-1.0	1.0	2.964
15.0	11	-4.26	33.78	1	0.0	-1.0	0.0	-1.0	0.0	-1.0	0.0	-1.0	0.0	-1.0	0.0	-1.0	0.0	-1.0	0.0	-1.0	0.0	-1.0
15.0	16	-15.08	27.5	1	0.0	-1.0	0.0	-1.0	0.0	-1.0	0.0	-1.0	0.0	-1.0	0.0	-1.0	0.0	-1.0	0.0	-1.0	0.0	-1.0
15.0	7	-7.9	6.85	1	1.0	2.481	0.0	-1.0	0.0	-1.0	1.0	2.462	0.0	-1.0	0.0	-1.0	0.0	-1.0	0.0	-1.0	0.0	-1.0
15.0	17	-7.7	32.79	1	1.0	2.35	0.0	-1.0	0.0	-1.0	1.0	2.129	0.0	-1.0	0.0	-1.0	1.0	2.118	0.0	-1.0	0.0	-1.0
16.0	12	-5.17	35.06	1	0.0	-1.0	1.0	2.905	1.0	2.342	0.0	-1.0	0.0	-1.0	1.0	2.389	0.0	-1.0	0.0	-1.0	0.0	-1.0
16.0	27	-3.0	35.4	1	0.0	-1.0	0.0	-1.0	1.0	4.012	0.0	-1.0	0.0	-1.0	0.0	-1.0	0.0	-1.0	0.0	-1.0	0.0	-1.0
16.0	30	4.82	31.03	1	0.0	-1.0	0.0	-1.0	0.0	-1.0	0.0	-1.0	0.0	-1.0	0.0	-1.0	0.0	-1.0	0.0	-1.0	0.0	-1.0
16.0	5	-12.24	0.73	1	0.0	-1.0	0.0	-1.0	0.0	-1.0	0.0	-1.0	0.0	-1.0	0.0	-1.0	0.0	-1.0	0.0	-1.0	0.0	-1.0
16.0	10	-10.27	3.47	1	0.0	-1.0	0.0	-1.0	0.0	-1.0	0.0	-1.0	0.0	-1.0	1.0	2.509	0.0	-1.0	0.0	-1.0	1.0	2.632
16.0	4	-25.98	-1.52	1	0.0	-1.0	1.0	2.454	1.0	1.613	0.0	-1.0	0.0	-1.0	1.0	1.484	1.0	1.97	1.0	1.646	1.0	1.758
16.0	16	-14.55	27.5	1	0.0	-1.0	0.0	-1.0	0.0	-1.0	0.0	-1.0	0.0	-1.0	0.0	-1.0	0.0	-1.0	0.0	-1.0	0.0	-1.0
16.0	15	25.36	24.53	1	0.0	-1.0	0.0	-1.0	0.0	-1.0	0.0	-1.0	0.0	-1.0	0.0	-1.0	0.0	-1.0	0.0	-1.0	0.0	-1.0
16.0	11	-4.62	34.09	1	0.0	-1.0	0.0	-1.0	1.0	3.387	0.0	-1.0	0.0	-1.0	0.0	-1.0	0.0	-1.0	0.0	-1.0	0.0	-1.0
16.0	2	6.44	11.06	1	1.0	2.631	1.0	1.291	1.0	1.308	0.0	-1.0	1.0	1.283	1.0	1.267	0.0	-1.0	0.0	-1.0	0.0	-1.0
16.0	26	-2.33	33.23	1	0.0	-1.0	0.0	-1.0	0.0	-1.0	0.0	-1.0	0.0	-1.0	0.0	-1.0	0.0	-1.0	0.0	-1.0	0.0	-1.0
16.0	14	1.54	35.95	1	0.0	-1.0	0.0	-1.0	0.0	-1.0	0.0	-1.0	0.0	-1.0	0.0	-1.0	0.0	-1.0	0.0	-1.0	0.0	-1.0
16.0	6	-26.1	0.81	1	0.0	-1.0	0.0	-1.0	0.0	-1.0	0.0	-1.0	1.0	0.587	0.0	-1.0	0.0	-1.0	1.0	0.987	0.0	-1.0
16.0	28	-4.54	33.54	1	0.0	-1.0	0.0	-1.0	1.0	3.772	0.0	-1.0	0.0	-1.0	0.0	-1.0	0.0	-1.0	0.0	-1.0	0.0	-1.0
16.0	17	-7.7	32.32	1	1.0	2.554	0.0	-1.0	0.0	-1.0	1.0	2.469	0.0	-1.0	0.0	-1.0	1.0	2.602	0.0	-1.0	0.0	-1.0
16.0	7	-7.11	5.43	1	0.0	-1.0	0.0	-1.0	0.0	-1.0	1.0	3.515	0.0	-1.0	0.0	-1.0	0.0	-1.0	0.0	-1.0	0.0	-1.0
17.0	16	-14.0	27.5	1	0.0	-1.0	0.0	-1.0	0.0	-1.0	0.0	-1.0	0.0	-1.0	0.0	-1.0	0.0	-1.0	0.0	-1.0	0.0	-1.0
17.0	2	6.51	11.06	1	1.0	2.578	1.0	1.211	1.0	1.309	0.0	-1.0	1.0	1.204	1.0	1.233	0.0	-1.0	0.0	-1.0	0.0	-1.0
17.0	4	-26.45	-1.52	1	0.0	-1.0	1.0	1.38	1.0	1.26	0.0	-1.0	1.0	1.004	1.0	1.02	1.0	2.002	1.0	1.612	1.0	1.426
17.0	10	-10.34	3.63	1	0.0	-1.0	0.0	-1.0	0.0	-1.0	0.0	-1.0	0.0	-1.0	1.0	2.354	0.0	-1.0	0.0	-1.0	1.0	2.533
17.0	27	-3.4	35.24	1	0.0	-1.0	0.0	-1.0	1.0	3.73	0.0	-1.0	0.0	-1.0	0.0	-1.0	0.0	-1.0	0.0	-1.0	0.0	-1.0
17.0	28	-4.86	33.86	1	0.0	-1.0	0.0	-1.0	1.0	3.364	0.0	-1.0	0.0	-1.0	0.0	-1.0	0.0	-1.0	0.0	-1.0	0.0	-1.0
17.0	14	1.97	35.63	1	0.0	-1.0	0.0	-1.0	0.0	-1.0	0.0	-1.0	0.0	-1.0	0.0	-1.0	0.0	-1.0	0.0	-1.0	0.0	-1.0
17.0	11	-4.97	34.41	1	0.0	-1.0	1.0	3.06	1.0	2.893	0.0	-1.0	0.0	-1.0	0.0	-1.0	0.0	-1.0	0.0	-1.0	0.0	-1.0
17.0	7	-6.4	4.13	1	0.0	-1.0	0.0	-1.0	0.0	-1.0	0.0	-1.0	0.0	-1.0	0.0	-1.0	0.0	-1.0	0.0	-1.0	0.0	-1.0
17.0	30	4.26	31.37	1	0.0	-1.0	0.0	-1.0	0.0	-1.0	0.0	-1.0	0.0	-1.0	0.0	-1.0	0.0	-1.0	0.0	-1.0	0.0	-1.0
17.0	6	-26.1	0.81	1	0.0	-1.0	0.0	-1.0	0.0	-1.0	0.0	-1.0	1.0	0.587	0.0	-1.0	0.0	-1.0	1.0	0.987	0.0	-1.0
17.0	5	-12.24	0.73	1	0.0	-1.0	0.0	-1.0	0.0	-1.0	0.0	-1.0	0.0	-1.0	0.0	-1.0	0.0	-1.0	0.0	-1.0	0.0	-1.0
17.0	17	-7.78	31.84	1	1.0	2.75	0.0	-1.0	0.0	-1.0	1.0	2.775	0.0	-1.0	0.0	-1.0	1.0	4.115	0.0	-1.0	0.0	-1.0
17.0	15	24.13	24.79	1	0.0	-1.0	0.0	-1.0	0.0	-1.0	0.0	-1.0	0.0	-1.0	0.0	-1.0	0.0	-1.0	0.0	-1.0	0.0	-1.0
17.0	26	-2.72	33.38	1	0.0	-1.0	0.0	-1.0	0.0	-1.0	0.0	-1.0	0.0	-1.0	0.0	-1.0	0.0	-1.0	0.0	-1.0	0.0	-1.0
17.0	12	-5.33	35.06	1	0.0	-1.0	1.0	2.717	1.0	2.223	0.0	-1.0	0.0	-1.0	1.0	2.255	0.0	-1.0	0.0	-1.0	0.0	-1.0
18.0	28	-5.17	34.17	1	0.0	-1.0	0.0	-1.0	1.0	2.91	0.0	-1.0	0.0	-1.0	1.0	3.152	0.0	-1.0	0.0	-1.0	0.0	-1.0
18.0	6	-26.1	0.81	1	0.0	-1.0	0.0	-1.0	0.0	-1.0	0.0	-1.0	1.0	0.587	0.0	-1.0	0.0	-1.0	1.0	0.987	0.0	-1.0
18.0	10	-10.34	3.63	1	0.0	-1.0	0.0	-1.0	0.0	-1.0	0.0	-1.0	0.0	-1.0	1.0	2.354	0.0	-1.0	0.0	-1.0	1.0	2.533
18.0	15	22.91	25.04	1	0.0	-1.0	0.0	-1.0	0.0	-1.0	0.0	-1.0	0.0	-1.0	0.0	-1.0	0.0	-1.0	0.0	-1.0	0.0	-1.0
18.0	26	-3.12	33.38	1	0.0	-1.0	0.0	-1.0	0.0	-1.0	0.0	-1.0	0.0	-1.0	0.0	-1.0	0.0	-1.0	0.0	-1.0	0.0	-1.0
18.0	2	6.59	11.06	1	1.0	2.376	1.0	1.134	1.0	1.321	0.0	-1.0	1.0	1.139	1.0	1.158	0.0	-1.0	0.0	-1.0	0.0	-1.0
18.0	17	-7.78	31.53	1	1.0	2.993	0.0	-1.0	0.0	-1.0	1.0	2.988	0.0	-1.0	0.0	-1.0	0.0	-1.0	0.0	-1.0	0.0	-1.0
18.0	14	2.53	35.32	1	0.0	-1.0	0.0	-1.0	0.0	-1.0	0.0	-1.0	0.0	-1.0	0.0	-1.0	0.0	-1.0	0.0	-1.0	0.0	-1.0
18.0	30	3.71	31.84	1	0.0	-1.0	0.0	-1.0	0.0	-1.0	0.0	-1.0	0.0	-1.0	0.0	-1.0	0.0	-1.0	0.0	-1.0	0.0	-1.0
18.0	7	-6.32	2.82	1	0.0	-1.0	0.0	-1.0	0.0	-1.0	0.0	-1.0	0.0	-1.0	0.0	-1.0	0.0	-1.0	0.0	-1.0	0.0	-1.0
18.0	4	-26.97	-1.52	1	1.0	3.14	1.0	1.057	1.0	1.259	0.0	-1.0	1.0	0.498	1.0	0.832	1.0	1.994	1.0	0.925	1.0	1.245
18.0	12	-5.57	35.06	1	0.0	-1.0	1.0	2.445	1.0	2.035	0.0	-1.0	0.0	-1.0	1.0	2.036	0.0	-1.0	0.0	-1.0	0.0	-1.0
18.0	27	-3.71	35.24	1	0.0	-1.0	0.0	-1.0	1.0	3.482	0.0	-1.0	0.0	-1.0	0.0	-1.0	0.0	-1.0	0.0	-1.0	0.0	-1.0
18.0	11	-5.37	34.57	1	0.0	-1.0	1.0	2.565	1.0	2.499	0.0	-1.0	0.0	-1.0	1.0	2.686	0.0	-1.0	0.0	-1.0	0.0	-1.0
18.0	16	-13.44	27.5	1	0.0	-1.0	0.0	-1.0	0.0	-1.0	0.0	-1.0	0.0	-1.0	0.0	-1.0	0.0	-1.0	0.0	-1.0	0.0	-1.0
18.0	5	-12.16	0.73	1	0.0	-1.0	0.0	-1.0	0.0	-1.0	0.0	-1.0	0.0	-1.0	0.0	-1.0	0.0	-1.0	0.0	-1.0	0.0	-1.0
19.0	30	3.08	32.16	1	0.0	-1.0	0.0	-1.0	0.0	-1.0	0.0	-1.0	0.0	-1.0	0.0	-1.0	0.0	-1.0	0.0	-1.0	0.0	-1.0
19.0	17	-7.78	31.69	1	1.0	2.879	0.0	-1.0	0.0	-1.0	1.0	2.885	0.0	-1.0	0.0	-1.0	0.0	-1.0	0.0	-1.0	0.0	-1.0
19.0	12	-5.73	35.06	1	0.0	-1.0	1.0	2.188	1.0	1.921	0.0	-1.0	0.0	-1.0	1.0	1.908	0.0	-1.0	0.0	-1.0	0.0	-1.0
19.0	27	-4.11	35.24	1	0.0	-1.0	0.0	-1.0	1.0	3.144	0.0	-1.0	0.0	-1.0	1.0	3.23	0.0	-1.0	0.0	-1.0	0.0	-1.0
19.0	2	6.67	11.06	1	1.0	2.269	1.0	1.038	1.0	1.332	0.0	-1.0	1.0	1.066	1.0	1.085	0.0	-1.0	0.0	-1.0	1.0	2.098
19.0	4	-26.69	-1.51	1	1.0	3.379	1.0	1.198	1.0	1.26	0.0	-1.0	1.0	0.772	1.0	0.828	1.0	2.008	1.0	1.068	1.0	1.299
19.0	5	-12.08	0.57	1	0.0	-1.0	0.0	-1.0	0.0	-1.0	0.0	-1.0	0.0	-1.0	0.0	-1.0	0.0	-1.0	0.0	-1.0	0.0	-1.0
19.0	6	-26.1	0.81	1	0.0	-1.0	0.0	-1.0	0.0	-1.0	0.0	-1.0	1.0	0.587	0.0	-1.0	0.0	-1.0	1.0	0.987	0.0	-1.0
19.0	7	-5.84	1.56	1	0.0	-1.0	0.0	-1.0	0.0	-1.0	0.0	-1.0	0.0	-1.0	0.0	-1.0	0.0	-1.0	0.0	-1.0	0.0	-1.0
19.0	10	-10.34	3.63	1	0.0	-1.0	0.0	-1.0	0.0	-1.0	0.0	-1.0	0.0	-1.0	1.0	2.354	0.0	-1.0	0.0	-1.0	1.0	2.533
19.0	28	-5.57	34.33	1	0.0	-1.0	1.0	2.995	1.0	2.484	0.0	-1.0	0.0	-1.0	1.0	2.547	0.0	-1.0	0.0	-1.0	0.0	-1.0
19.0	11	-5.73	34.9	1	0.0	-1.0	1.0	2.1	1.0	1.995	0.0	-1.0	0.0	-1.0	1.0	2.099	0.0	-1.0	0.0	-1.0	0.0	-1.0
19.0	16	-12.89	27.5	1	0.0	-1.0	0.0	-1.0	0.0	-1.0	0.0	-1.0	0.0	-1.0	0.0	-1.0	0.0	-1.0	0.0	-1.0	0.0	-1.0
19.0	26	-3.59	33.38	1	0.0	-1.0	0.0	-1.0	0.0	-1.0	0.0	-1.0	0.0	-1.0	0.0	-1.0	0.0	-1.0	0.0	-1.0	0.0	-1.0
19.0	15	21.69	25.3	1	0.0	-1.0	0.0	-1.0	0.0	-1.0	0.0	-1.0	0.0	-1.0	0.0	-1.0	0.0	-1.0	0.0	-1.0	0.0	-1.0
19.0	14	3.08	34.8	1	0.0	-1.0	0.0	-1.0	0.0	-1.0	0.0	-1.0	0.0	-1.0	0.0	-1.0	0.0	-1.0	0.0	-1.0	0.0	-1.0
20.0	17	-7.78	31.84	1	1.0	2.75	0.0	-1.0	0.0	-1.0	1.0	2.775	0.0	-1.0	0.0	-1.0	1.0	4.115	0.0	-1.0	0.0	-1.0
20.0	30	2.45	32.63	1	0.0	-1.0	0.0	-1.0	0.0	-1.0	0.0	-1.0	0.0	-1.0	0.0	-1.0	0.0	-1.0	0.0	-1.0	0.0	-1.0
21.0	17	-7.7	31.84	1	1.0	2.828	0.0	-1.0	0.0	-1.0	1.0	2.801	0.0	-1.0	0.0	-1.0	1.0	4.157	0.0	-1.0	0.0	-1.0
21.0	30	1.82	32.63	1	0.0	-1.0	0.0	-1.0	0.0	-1.0	0.0	-1.0	0.0	-1.0	0.0	-1.0	0.0	-1.0	0.0	-1.0	0.0	-1.0
22.0	17	-7.7	32.0	1	1.0	2.693	0.0	-1.0	0.0	-1.0	1.0	2.692	0.0	-1.0	0.0	-1.0	1.0	3.676	0.0	-1.0	0.0	-1.0
22.0	30	1.11	32.63	1	0.0	-1.0	0.0	-1.0	0.0	-1.0	0.0	-1.0	0.0	-1.0	0.0	-1.0	0.0	-1.0	0.0	-1.0	0.0	-1.0
23.0	17	-7.86	32.16	1	1.0	2.476	0.0	-1.0	0.0	-1.0	1.0	2.476	0.0	-1.0	0.0	-1.0	1.0	3.428	0.0	-1.0	0.0	-1.0
23.0	30	0.41	32.63	1	0.0	-1.0	0.0	-1.0	0.0	-1.0	0.0	-1.0	0.0	-1.0	0.0	-1.0	0.0	-1.0	0.0	-1.0	0.0	-1.0
24.0	17	-8.09	32.32	1	1.0	2.219	0.0	-1.0	0.0	-1.0	1.0	2.189	0.0	-1.0	0.0	-1.0	1.0	3.652	0.0	-1.0	0.0	-1.0
24.0	30	-0.22	32.95	1	0.0	-1.0	0.0	-1.0	0.0	-1.0	0.0	-1.0	0.0	-1.0	0.0	-1.0	0.0	-1.0	0.0	-1.0	0.0	-1.0
25.0	30	-0.75	33.15	1	0.0	-1.0	0.0	-1.0	0.0	-1.0	0.0	-1.0	0.0	-1.0	0.0	-1.0	0.0	-1.0	0.0	-1.0	0.0	-1.0
25.0	17	-8.33	32.48	1	1.0	1.919	1.0	1.933	0.0	-1.0	1.0	2.02	0.0	-1.0	0.0	-1.0	0.0	-1.0	0.0	-1.0	0.0	-1.0
26.0	30	-1.38	33.3	1	0.0	-1.0	0.0	-1.0	0.0	-1.0	0.0	-1.0	0.0	-1.0	0.0	-1.0	0.0	-1.0	0.0	-1.0	0.0	-1.0
26.0	17	-8.49	32.48	1	1.0	1.822	1.0	1.817	0.0	-1.0	1.0	1.966	0.0	-1.0	0.0	-1.0	0.0	-1.0	0.0	-1.0	0.0	-1.0
27.0	30	-2.01	33.46	1	0.0	-1.0	0.0	-1.0	0.0	-1.0	0.0	-1.0	0.0	-1.0	0.0	-1.0	0.0	-1.0	0.0	-1.0	0.0	-1.0
27.0	17	-8.73	32.32	1	1.0	1.783	1.0	1.77	0.0	-1.0	1.0	1.983	0.0	-1.0	0.0	-1.0	0.0	-1.0	0.0	-1.0	0.0	-1.0
28.0	30	-2.57	33.62	1	0.0	-1.0	0.0	-1.0	0.0	-1.0	0.0	-1.0	0.0	-1.0	0.0	-1.0	0.0	-1.0	0.0	-1.0	0.0	-1.0
28.0	17	-8.88	32.32	1	1.0	1.741	1.0	1.657	1.0	2.739	0.0	-1.0	0.0	-1.0	0.0	-1.0	0.0	-1.0	0.0	-1.0	0.0	-1.0
29.0	30	-3.12	33.78	1	0.0	-1.0	0.0	-1.0	0.0	-1.0	0.0	-1.0	0.0	-1.0	0.0	-1.0	0.0	-1.0	0.0	-1.0	0.0	-1.0
29.0	17	-8.65	32.79	1	1.0	1.812	1.0	1.488	1.0	1.954	0.0	-1.0	0.0	-1.0	0.0	-1.0	0.0	-1.0	0.0	-1.0	0.0	-1.0
30.0	30	-3.83	33.78	1	0.0	-1.0	0.0	-1.0	1.0	4.305	0.0	-1.0	0.0	-1.0	0.0	-1.0	0.0	-1.0	0.0	-1.0	0.0	-1.0
30.0	17	-8.41	33.15	1	1.0	3.06	1.0	1.371	1.0	1.424	0.0	-1.0	1.0	1.368	1.0	1.368	0.0	-1.0	0.0	-1.0	0.0	-1.0
31.0	30	-4.46	33.78	1	0.0	-1.0	0.0	-1.0	1.0	3.726	0.0	-1.0	0.0	-1.0	0.0	-1.0	0.0	-1.0	0.0	-1.0	0.0	-1.0
31.0	17	-8.41	33.15	1	1.0	3.06	1.0	1.371	1.0	1.424	0.0	-1.0	1.0	1.368	1.0	1.368	0.0	-1.0	0.0	-1.0	0.0	-1.0
32.0	17	-8.41	33.15	1	1.0	3.06	1.0	1.371	1.0	1.424	0.0	-1.0	1.0	1.368	1.0	1.368	0.0	-1.0	0.0	-1.0	0.0	-1.0
