28.0	26	8.94	27.74	1	0.0	-1.0	1.0	1.274	0.0	-1.0	1.0	1.124	1.0	1.033	0.0	-1.0	1.0	2.216	0.0	-1.0	0.0	-1.0
29.0	26	8.24	27.02	1	1.0	2.017	1.0	2.828	0.0	-1.0	1.0	2.014	0.0	-1.0	0.0	-1.0	1.0	3.044	0.0	-1.0	0.0	-1.0
30.0	26	7.65	27.02	1	1.0	2.179	1.0	2.193	0.0	-1.0	1.0	2.188	0.0	-1.0	0.0	-1.0	0.0	-1.0	0.0	-1.0	0.0	-1.0
31.0	26	7.15	26.83	1	1.0	2.554	1.0	2.584	0.0	-1.0	1.0	2.612	0.0	-1.0	0.0	-1.0	0.0	-1.0	0.0	-1.0	0.0	-1.0
32.0	26	6.56	26.83	1	1.0	2.767	1.0	2.756	0.0	-1.0	1.0	2.753	0.0	-1.0	0.0	-1.0	0.0	-1.0	0.0	-1.0	0.0	-1.0
33.0	26	6.04	26.83	1	1.0	3.018	1.0	2.997	0.0	-1.0	1.0	3.28	0.0	-1.0	0.0	-1.0	0.0	-1.0	0.0	-1.0	0.0	-1.0
34.0	26	5.45	26.65	1	1.0	3.364	1.0	3.357	0.0	-1.0	0.0	-1.0	0.0	-1.0	0.0	-1.0	0.0	-1.0	0.0	-1.0	0.0	-1.0
35.0	26	4.95	26.65	1	1.0	3.576	0.0	-1.0	0.0	-1.0	0.0	-1.0	0.0	-1.0	0.0	-1.0	0.0	-1.0	0.0	-1.0	0.0	-1.0
36.0	26	4.36	26.65	1	1.0	3.804	0.0	-1.0	0.0	-1.0	0.0	-1.0	0.0	-1.0	0.0	-1.0	0.0	-1.0	0.0	-1.0	0.0	-1.0
37.0	11	-30.92	27.49	1	0.0	-1.0	0.0	-1.0	0.0	-1.0	0.0	-1.0	0.0	-1.0	0.0	-1.0	0.0	-1.0	0.0	-1.0	0.0	-1.0
37.0	26	3.86	26.47	1	1.0	4.268	0.0	-1.0	0.0	-1.0	0.0	-1.0	0.0	-1.0	0.0	-1.0	0.0	-1.0	0.0	-1.0	0.0	-1.0
38.0	11	-29.83	26.56	1	0.0	-1.0	0.0	-1.0	0.0	-1.0	0.0	-1.0	0.0	-1.0	0.0	-1.0	0.0	-1.0	0.0	-1.0	0.0	-1.0
38.0	26	3.27	26.47	1	1.0	4.71	0.0	-1.0	0.0	-1.0	0.0	-1.0	0.0	-1.0	0.0	-1.0	0.0	-1.0	0.0	-1.0	0.0	-1.0
39.0	26	2.77	26.27	1	0.0	-1.0	0.0	-1.0	0.0	-1.0	0.0	-1.0	0.0	-1.0	0.0	-1.0	0.0	-1.0	0.0	-1.0	0.0	-1.0
39.0	11	-29.15	26.56	1	0.0	-1.0	0.0	-1.0	0.0	-1.0	0.0	-1.0	0.0	-1.0	0.0	-1.0	0.0	-1.0	0.0	-1.0	0.0	-1.0
40.0	26	2.18	26.27	1	0.0	-1.0	0.0	-1.0	0.0	-1.0	0.0	-1.0	0.0	-1.0	0.0	-1.0	0.0	-1.0	0.0	-1.0	0.0	-1.0
40.0	11	-28.58	26.35	1	0.0	-1.0	0.0	-1.0	0.0	-1.0	0.0	-1.0	0.0	-1.0	0.0	-1.0	0.0	-1.0	0.0	-1.0	0.0	-1.0
41.0	26	1.68	26.27	1	0.0	-1.0	0.0	-1.0	1.0	4.75	0.0	-1.0	0.0	-1.0	0.0	-1.0	0.0	-1.0	0.0	-1.0	0.0	-1.0
41.0	11	-27.99	25.99	1	0.0	-1.0	0.0	-1.0	0.0	-1.0	0.0	-1.0	0.0	-1.0	0.0	-1.0	0.0	-1.0	0.0	-1.0	0.0	-1.0
42.0	21	17.91	4.61	1	0.0	-1.0	0.0	-1.0	0.0	-1.0	0.0	-1.0	0.0	-1.0	0.0	-1.0	0.0	-1.0	0.0	-1.0	0.0	-1.0
42.0	11	-27.47	25.99	1	0.0	-1.0	0.0	-1.0	0.0	-1.0	0.0	-1.0	0.0	-1.0	0.0	-1.0	0.0	-1.0	0.0	-1.0	0.0	-1.0
42.0	17	-19.41	20.75	1	0.0	-1.0	0.0	-1.0	0.0	-1.0	0.0	-1.0	0.0	-1.0	0.0	-1.0	0.0	-1.0	0.0	-1.0	0.0	-1.0
42.0	26	1.13	26.18	1	0.0	-1.0	0.0	-1.0	1.0	4.411	0.0	-1.0	0.0	-1.0	0.0	-1.0	0.0	-1.0	0.0	-1.0	0.0	-1.0
43.0	26	0.63	26.18	1	0.0	-1.0	0.0	-1.0	1.0	4.038	0.0	-1.0	0.0	-1.0	0.0	-1.0	0.0	-1.0	0.0	-1.0	0.0	-1.0
43.0	11	-26.97	26.38	1	0.0	-1.0	0.0	-1.0	0.0	-1.0	0.0	-1.0	0.0	-1.0	0.0	-1.0	0.0	-1.0	0.0	-1.0	0.0	-1.0
43.0	17	-19.73	20.75	1	0.0	-1.0	0.0	-1.0	0.0	-1.0	0.0	-1.0	0.0	-1.0	0.0	-1.0	0.0	-1.0	0.0	-1.0	0.0	-1.0
43.0	21	17.91	4.61	1	0.0	-1.0	0.0	-1.0	0.0	-1.0	0.0	-1.0	0.0	-1.0	0.0	-1.0	0.0	-1.0	0.0	-1.0	0.0	-1.0
44.0	21	17.91	4.61	1	0.0	-1.0	0.0	-1.0	0.0	-1.0	0.0	-1.0	0.0	-1.0	0.0	-1.0	0.0	-1.0	0.0	-1.0	0.0	-1.0
44.0	17	-20.14	20.75	1	0.0	-1.0	0.0	-1.0	0.0	-1.0	0.0	-1.0	0.0	-1.0	0.0	-1.0	0.0	-1.0	0.0	-1.0	0.0	-1.0
44.0	26	0.18	26.18	1	0.0	-1.0	0.0	-1.0	1.0	3.728	0.0	-1.0	0.0	-1.0	0.0	-1.0	0.0	-1.0	0.0	-1.0	0.0	-1.0
44.0	11	-26.45	26.65	1	0.0	-1.0	0.0	-1.0	0.0	-1.0	0.0	-1.0	0.0	-1.0	0.0	-1.0	0.0	-1.0	0.0	-1.0	0.0	-1.0
45.0	17	-20.5	20.57	1	0.0	-1.0	0.0	-1.0	0.0	-1.0	0.0	-1.0	0.0	-1.0	0.0	-1.0	0.0	-1.0	0.0	-1.0	0.0	-1.0
45.0	21	17.91	4.61	1	0.0	-1.0	0.0	-1.0	0.0	-1.0	0.0	-1.0	0.0	-1.0	0.0	-1.0	0.0	-1.0	0.0	-1.0	0.0	-1.0
45.0	11	-26.04	26.92	1	0.0	-1.0	0.0	-1.0	0.0	-1.0	0.0	-1.0	0.0	-1.0	0.0	-1.0	0.0	-1.0	0.0	-1.0	0.0	-1.0
45.0	26	-0.32	26.18	1	0.0	-1.0	0.0	-1.0	1.0	3.421	0.0	-1.0	0.0	-1.0	0.0	-1.0	0.0	-1.0	0.0	-1.0	0.0	-1.0
46.0	11	-25.54	27.1	1	0.0	-1.0	0.0	-1.0	0.0	-1.0	0.0	-1.0	0.0	-1.0	0.0	-1.0	0.0	-1.0	0.0	-1.0	0.0	-1.0
46.0	17	-20.91	20.57	1	0.0	-1.0	0.0	-1.0	0.0	-1.0	0.0	-1.0	0.0	-1.0	0.0	-1.0	0.0	-1.0	0.0	-1.0	0.0	-1.0
46.0	21	17.91	4.61	1	0.0	-1.0	0.0	-1.0	0.0	-1.0	0.0	-1.0	0.0	-1.0	0.0	-1.0	0.0	-1.0	0.0	-1.0	0.0	-1.0
46.0	26	-0.82	26.18	1	0.0	-1.0	1.0	3.161	1.0	3.188	0.0	-1.0	0.0	-1.0	0.0	-1.0	0.0	-1.0	0.0	-1.0	0.0	-1.0
47.0	17	-21.23	20.36	1	0.0	-1.0	0.0	-1.0	0.0	-1.0	0.0	-1.0	0.0	-1.0	0.0	-1.0	0.0	-1.0	0.0	-1.0	0.0	-1.0
47.0	21	17.91	4.61	1	0.0	-1.0	0.0	-1.0	0.0	-1.0	0.0	-1.0	0.0	-1.0	0.0	-1.0	0.0	-1.0	0.0	-1.0	0.0	-1.0
47.0	26	-1.43	25.9	1	0.0	-1.0	1.0	3.119	1.0	3.111	0.0	-1.0	0.0	-1.0	0.0	-1.0	0.0	-1.0	0.0	-1.0	0.0	-1.0
47.0	11	-24.95	27.1	1	0.0	-1.0	0.0	-1.0	0.0	-1.0	0.0	-1.0	0.0	-1.0	0.0	-1.0	0.0	-1.0	0.0	-1.0	0.0	-1.0
48.0	11	-24.36	26.92	1	0.0	-1.0	0.0	-1.0	0.0	-1.0	0.0	-1.0	0.0	-1.0	0.0	-1.0	0.0	-1.0	0.0	-1.0	0.0	-1.0
48.0	21	17.91	4.61	1	0.0	-1.0	0.0	-1.0	0.0	-1.0	0.0	-1.0	0.0	-1.0	0.0	-1.0	0.0	-1.0	0.0	-1.0	0.0	-1.0
48.0	17	-21.59	20.36	1	0.0	-1.0	0.0	-1.0	0.0	-1.0	0.0	-1.0	0.0	-1.0	0.0	-1.0	0.0	-1.0	0.0	-1.0	0.0	-1.0
48.0	19	21.5	17.37	4	0.0	-1.0	0.0	-1.0	0.0	-1.0	0.0	-1.0	0.0	-1.0	0.0	-1.0	0.0	-1.0	0.0	-1.0	0.0	-1.0
48.0	27	-2.02	25.72	1	1.0	2.988	1.0	2.913	1.0	3.113	0.0	-1.0	0.0	-1.0	0.0	-1.0	0.0	-1.0	0.0	-1.0	0.0	-1.0
49.0	27	-2.7	25.34	1	1.0	3.011	1.0	2.949	1.0	3.054	0.0	-1.0	0.0	-1.0	0.0	-1.0	0.0	-1.0	0.0	-1.0	0.0	-1.0
49.0	21	17.91	4.61	1	0.0	-1.0	0.0	-1.0	0.0	-1.0	0.0	-1.0	0.0	-1.0	0.0	-1.0	0.0	-1.0	0.0	-1.0	0.0	-1.0
49.0	19	20.82	17.37	4	0.0	-1.0	0.0	-1.0	0.0	-1.0	0.0	-1.0	0.0	-1.0	0.0	-1.0	0.0	-1.0	0.0	-1.0	0.0	-1.0
49.0	17	-22.0	20.18	1	0.0	-1.0	0.0	-1.0	0.0	-1.0	0.0	-1.0	0.0	-1.0	0.0	-1.0	0.0	-1.0	0.0	-1.0	0.0	-1.0
49.0	11	-23.68	26.74	1	0.0	-1.0	0.0	-1.0	0.0	-1.0	0.0	-1.0	0.0	-1.0	0.0	-1.0	0.0	-1.0	0.0	-1.0	0.0	-1.0
50.0	19	20.23	17.37	4	0.0	-1.0	0.0	-1.0	0.0	-1.0	0.0	-1.0	0.0	-1.0	0.0	-1.0	0.0	-1.0	0.0	-1.0	0.0	-1.0
50.0	17	-22.34	20.18	1	0.0	-1.0	0.0	-1.0	0.0	-1.0	0.0	-1.0	0.0	-1.0	0.0	-1.0	0.0	-1.0	0.0	-1.0	0.0	-1.0
50.0	21	17.91	4.61	1	0.0	-1.0	0.0	-1.0	0.0	-1.0	0.0	-1.0	0.0	-1.0	0.0	-1.0	0.0	-1.0	0.0	-1.0	0.0	-1.0
50.0	11	-23.09	26.56	1	0.0	-1.0	0.0	-1.0	0.0	-1.0	0.0	-1.0	0.0	-1.0	0.0	-1.0	0.0	-1.0	0.0	-1.0	0.0	-1.0
50.0	27	-3.29	24.95	1	1.0	2.998	1.0	2.969	1.0	3.119	0.0	-1.0	0.0	-1.0	0.0	-1.0	0.0	-1.0	0.0	-1.0	0.0	-1.0
51.0	19	19.64	17.37	4	0.0	-1.0	0.0	-1.0	0.0	-1.0	0.0	-1.0	0.0	-1.0	0.0	-1.0	0.0	-1.0	0.0	-1.0	0.0	-1.0
51.0	17	-22.77	20.18	1	0.0	-1.0	0.0	-1.0	0.0	-1.0	0.0	-1.0	0.0	-1.0	0.0	-1.0	0.0	-1.0	0.0	-1.0	0.0	-1.0
51.0	21	17.91	4.61	1	0.0	-1.0	0.0	-1.0	0.0	-1.0	0.0	-1.0	0.0	-1.0	0.0	-1.0	0.0	-1.0	0.0	-1.0	0.0	-1.0
51.0	11	-22.5	26.38	1	0.0	-1.0	0.0	-1.0	0.0	-1.0	0.0	-1.0	0.0	-1.0	0.0	-1.0	0.0	-1.0	0.0	-1.0	0.0	-1.0
51.0	27	-3.95	24.77	1	1.0	2.876	1.0	2.782	1.0	2.8	0.0	-1.0	0.0	-1.0	0.0	-1.0	0.0	-1.0	0.0	-1.0	0.0	-1.0
52.0	21	17.91	4.61	1	0.0	-1.0	0.0	-1.0	0.0	-1.0	0.0	-1.0	0.0	-1.0	0.0	-1.0	0.0	-1.0	0.0	-1.0	0.0	-1.0
52.0	27	-4.54	24.4	1	1.0	2.829	1.0	2.777	1.0	2.84	0.0	-1.0	0.0	-1.0	0.0	-1.0	0.0	-1.0	0.0	-1.0	0.0	-1.0
52.0	19	19.05	17.37	1	0.0	-1.0	0.0	-1.0	0.0	-1.0	0.0	-1.0	0.0	-1.0	0.0	-1.0	0.0	-1.0	0.0	-1.0	0.0	-1.0
52.0	31	-29.22	31.51	1	1.0	1.546	1.0	1.327	1.0	2.717	1.0	1.289	1.0	1.3	0.0	-1.0	1.0	1.839	0.0	-1.0	0.0	-1.0
52.0	11	-22.0	25.99	1	0.0	-1.0	0.0	-1.0	0.0	-1.0	0.0	-1.0	0.0	-1.0	0.0	-1.0	0.0	-1.0	0.0	-1.0	0.0	-1.0
52.0	17	-23.0	19.98	1	0.0	-1.0	0.0	-1.0	0.0	-1.0	0.0	-1.0	0.0	-1.0	0.0	-1.0	0.0	-1.0	0.0	-1.0	0.0	-1.0
53.0	19	18.55	17.37	1	0.0	-1.0	0.0	-1.0	0.0	-1.0	0.0	-1.0	0.0	-1.0	0.0	-1.0	0.0	-1.0	0.0	-1.0	0.0	-1.0
53.0	17	-23.18	19.98	1	0.0	-1.0	0.0	-1.0	0.0	-1.0	0.0	-1.0	0.0	-1.0	0.0	-1.0	0.0	-1.0	0.0	-1.0	0.0	-1.0
53.0	11	-21.59	25.61	1	0.0	-1.0	0.0	-1.0	0.0	-1.0	0.0	-1.0	0.0	-1.0	0.0	-1.0	0.0	-1.0	0.0	-1.0	0.0	-1.0
53.0	27	-5.04	24.4	1	1.0	2.678	1.0	2.54	1.0	2.524	0.0	-1.0	0.0	-1.0	0.0	-1.0	0.0	-1.0	0.0	-1.0	0.0	-1.0
53.0	31	-29.99	30.19	1	1.0	2.562	1.0	2.724	0.0	-1.0	1.0	2.564	0.0	-1.0	0.0	-1.0	1.0	4.589	0.0	-1.0	0.0	-1.0
53.0	21	17.91	4.61	1	0.0	-1.0	0.0	-1.0	0.0	-1.0	0.0	-1.0	0.0	-1.0	0.0	-1.0	0.0	-1.0	0.0	-1.0	0.0	-1.0
54.0	11	-21.16	25.06	1	0.0	-1.0	0.0	-1.0	0.0	-1.0	0.0	-1.0	0.0	-1.0	0.0	-1.0	0.0	-1.0	0.0	-1.0	0.0	-1.0
54.0	27	-5.63	24.4	1	1.0	2.336	1.0	2.231	1.0	2.234	0.0	-1.0	0.0	-1.0	0.0	-1.0	0.0	-1.0	0.0	-1.0	0.0	-1.0
54.0	21	17.91	4.61	1	0.0	-1.0	0.0	-1.0	0.0	-1.0	0.0	-1.0	0.0	-1.0	0.0	-1.0	0.0	-1.0	0.0	-1.0	0.0	-1.0
54.0	19	18.12	17.19	1	1.0	1.942	0.0	-1.0	0.0	-1.0	1.0	1.425	0.0	-1.0	0.0	-1.0	1.0	1.781	1.0	1.801	0.0	-1.0
54.0	31	-30.58	29.46	1	1.0	3.251	1.0	3.437	0.0	-1.0	1.0	3.452	0.0	-1.0	0.0	-1.0	0.0	-1.0	0.0	-1.0	0.0	-1.0
54.0	17	-23.45	19.98	1	0.0	-1.0	0.0	-1.0	0.0	-1.0	0.0	-1.0	0.0	-1.0	0.0	-1.0	0.0	-1.0	0.0	-1.0	0.0	-1.0
55.0	31	-31.17	28.9	1	1.0	3.763	0.0	-1.0	0.0	-1.0	0.0	-1.0	0.0	-1.0	0.0	-1.0	0.0	-1.0	0.0	-1.0	0.0	-1.0
55.0	17	-23.59	19.98	1	0.0	-1.0	0.0	-1.0	0.0	-1.0	0.0	-1.0	0.0	-1.0	0.0	-1.0	0.0	-1.0	0.0	-1.0	0.0	-1.0
55.0	27	-6.22	24.22	1	1.0	2.271	1.0	2.237	1.0	2.422	0.0	-1.0	0.0	-1.0	0.0	-1.0	0.0	-1.0	0.0	-1.0	0.0	-1.0
55.0	11	-20.73	24.49	1	0.0	-1.0	0.0	-1.0	0.0	-1.0	0.0	-1.0	0.0	-1.0	0.0	-1.0	0.0	-1.0	0.0	-1.0	0.0	-1.0
55.0	21	17.91	4.61	1	0.0	-1.0	0.0	-1.0	0.0	-1.0	0.0	-1.0	0.0	-1.0	0.0	-1.0	0.0	-1.0	0.0	-1.0	0.0	-1.0
55.0	19	17.71	17.19	1	1.0	2.507	0.0	-1.0	0.0	-1.0	1.0	1.823	0.0	-1.0	0.0	-1.0	1.0	2.039	0.0	-1.0	0.0	-1.0
56.0	31	-31.33	28.24	1	1.0	4.377	0.0	-1.0	0.0	-1.0	0.0	-1.0	0.0	-1.0	0.0	-1.0	0.0	-1.0	0.0	-1.0	0.0	-1.0
56.0	17	-23.86	19.98	1	0.0	-1.0	0.0	-1.0	0.0	-1.0	0.0	-1.0	0.0	-1.0	0.0	-1.0	0.0	-1.0	0.0	-1.0	0.0	-1.0
56.0	11	-20.41	24.11	1	0.0	-1.0	0.0	-1.0	0.0	-1.0	0.0	-1.0	0.0	-1.0	0.0	-1.0	0.0	-1.0	0.0	-1.0	0.0	-1.0
56.0	21	17.91	4.61	1	0.0	-1.0	0.0	-1.0	0.0	-1.0	0.0	-1.0	0.0	-1.0	0.0	-1.0	0.0	-1.0	0.0	-1.0	0.0	-1.0
56.0	27	-6.81	24.22	1	1.0	2.16	1.0	2.139	1.0	2.736	0.0	-1.0	0.0	-1.0	0.0	-1.0	0.0	-1.0	0.0	-1.0	0.0	-1.0
56.0	19	17.37	17.0	1	1.0	2.51	0.0	-1.0	0.0	-1.0	1.0	2.197	0.0	-1.0	0.0	-1.0	1.0	2.331	0.0	-1.0	0.0	-1.0
57.0	27	-7.31	24.04	1	1.0	2.383	1.0	2.388	1.0	2.913	1.0	2.908	0.0	-1.0	0.0	-1.0	0.0	-1.0	0.0	-1.0	0.0	-1.0
57.0	31	-31.73	27.67	1	1.0	4.951	0.0	-1.0	0.0	-1.0	0.0	-1.0	0.0	-1.0	0.0	-1.0	0.0	-1.0	0.0	-1.0	0.0	-1.0
57.0	19	16.87	16.8	1	1.0	2.893	0.0	-1.0	0.0	-1.0	1.0	2.641	0.0	-1.0	0.0	-1.0	1.0	2.75	0.0	-1.0	0.0	-1.0
57.0	21	17.91	4.61	1	0.0	-1.0	0.0	-1.0	0.0	-1.0	0.0	-1.0	0.0	-1.0	0.0	-1.0	0.0	-1.0	0.0	-1.0	0.0	-1.0
57.0	17	-24.04	19.97	1	0.0	-1.0	0.0	-1.0	0.0	-1.0	0.0	-1.0	0.0	-1.0	0.0	-1.0	0.0	-1.0	0.0	-1.0	0.0	-1.0
57.0	12	-20.0	23.56	1	0.0	-1.0	0.0	-1.0	0.0	-1.0	0.0	-1.0	0.0	-1.0	0.0	-1.0	0.0	-1.0	0.0	-1.0	0.0	-1.0
58.0	31	-31.73	27.66	1	1.0	4.944	0.0	-1.0	0.0	-1.0	0.0	-1.0	0.0	-1.0	0.0	-1.0	0.0	-1.0	0.0	-1.0	0.0	-1.0
58.0	12	-19.55	23.18	1	0.0	-1.0	0.0	-1.0	0.0	-1.0	0.0	-1.0	0.0	-1.0	0.0	-1.0	0.0	-1.0	0.0	-1.0	0.0	-1.0
58.0	19	16.28	16.8	1	1.0	3.706	0.0	-1.0	0.0	-1.0	1.0	3.229	0.0	-1.0	0.0	-1.0	1.0	3.352	0.0	-1.0	0.0	-1.0
58.0	27	-7.9	24.04	1	1.0	2.466	1.0	2.493	1.0	2.853	1.0	2.584	0.0	-1.0	0.0	-1.0	0.0	-1.0	0.0	-1.0	0.0	-1.0
58.0	21	17.91	4.61	1	0.0	-1.0	0.0	-1.0	0.0	-1.0	0.0	-1.0	0.0	-1.0	0.0	-1.0	0.0	-1.0	0.0	-1.0	0.0	-1.0
58.0	17	-24.27	19.79	1	0.0	-1.0	0.0	-1.0	0.0	-1.0	0.0	-1.0	0.0	-1.0	0.0	-1.0	0.0	-1.0	0.0	-1.0	0.0	-1.0
59.0	31	-31.73	27.65	1	1.0	4.948	0.0	-1.0	0.0	-1.0	0.0	-1.0	0.0	-1.0	0.0	-1.0	0.0	-1.0	0.0	-1.0	0.0	-1.0
59.0	12	-19.14	22.7	1	0.0	-1.0	0.0	-1.0	0.0	-1.0	0.0	-1.0	0.0	-1.0	0.0	-1.0	0.0	-1.0	0.0	-1.0	0.0	-1.0
59.0	19	15.69	16.62	1	0.0	-1.0	0.0	-1.0	0.0	-1.0	0.0	-1.0	0.0	-1.0	0.0	-1.0	1.0	3.963	0.0	-1.0	0.0	-1.0
59.0	21	17.91	4.61	1	0.0	-1.0	0.0	-1.0	0.0	-1.0	0.0	-1.0	0.0	-1.0	0.0	-1.0	0.0	-1.0	0.0	-1.0	0.0	-1.0
59.0	17	-24.45	19.79	1	0.0	-1.0	0.0	-1.0	0.0	-1.0	0.0	-1.0	0.0	-1.0	0.0	-1.0	0.0	-1.0	0.0	-1.0	0.0	-1.0
59.0	27	-8.49	24.04	1	1.0	2.544	1.0	2.574	1.0	2.785	1.0	2.743	0.0	-1.0	0.0	-1.0	0.0	-1.0	0.0	-1.0	0.0	-1.0
60.0	27	-9.08	24.04	1	1.0	2.67	1.0	2.59	1.0	2.85	0.0	-1.0	0.0	-1.0	0.0	-1.0	0.0	-1.0	0.0	-1.0	0.0	-1.0
60.0	19	15.1	16.62	1	0.0	-1.0	0.0	-1.0	0.0	-1.0	0.0	-1.0	0.0	-1.0	0.0	-1.0	0.0	-1.0	0.0	-1.0	0.0	-1.0
60.0	12	-18.73	22.34	1	0.0	-1.0	0.0	-1.0	0.0	-1.0	0.0	-1.0	0.0	-1.0	0.0	-1.0	0.0	-1.0	0.0	-1.0	0.0	-1.0
60.0	21	17.91	4.61	1	0.0	-1.0	0.0	-1.0	0.0	-1.0	0.0	-1.0	0.0	-1.0	0.0	-1.0	0.0	-1.0	0.0	-1.0	0.0	-1.0
60.0	31	-31.73	27.64	1	1.0	4.988	0.0	-1.0	0.0	-1.0	0.0	-1.0	0.0	-1.0	0.0	-1.0	0.0	-1.0	0.0	-1.0	0.0	-1.0
60.0	17	-24.68	19.79	1	0.0	-1.0	0.0	-1.0	0.0	-1.0	0.0	-1.0	0.0	-1.0	0.0	-1.0	0.0	-1.0	0.0	-1.0	0.0	-1.0
61.0	12	-18.27	21.88	1	0.0	-1.0	0.0	-1.0	0.0	-1.0	0.0	-1.0	0.0	-1.0	0.0	-1.0	0.0	-1.0	0.0	-1.0	0.0	-1.0
61.0	31	-31.72	27.63	1	1.0	4.984	0.0	-1.0	0.0	-1.0	0.0	-1.0	0.0	-1.0	0.0	-1.0	0.0	-1.0	0.0	-1.0	0.0	-1.0
61.0	27	-9.58	24.4	1	1.0	2.406	1.0	2.227	1.0	2.624	0.0	-1.0	0.0	-1.0	0.0	-1.0	0.0	-1.0	0.0	-1.0	0.0	-1.0
61.0	17	-24.86	19.79	1	0.0	-1.0	0.0	-1.0	0.0	-1.0	0.0	-1.0	0.0	-1.0	0.0	-1.0	0.0	-1.0	0.0	-1.0	0.0	-1.0
61.0	21	17.91	4.61	1	0.0	-1.0	0.0	-1.0	0.0	-1.0	0.0	-1.0	0.0	-1.0	0.0	-1.0	0.0	-1.0	0.0	-1.0	0.0	-1.0
61.0	19	14.51	16.41	1	0.0	-1.0	0.0	-1.0	0.0	-1.0	0.0	-1.0	0.0	-1.0	0.0	-1.0	0.0	-1.0	0.0	-1.0	0.0	-1.0
62.0	22	17.91	4.61	1	0.0	-1.0	0.0	-1.0	0.0	-1.0	0.0	-1.0	0.0	-1.0	0.0	-1.0	0.0	-1.0	0.0	-1.0	0.0	-1.0
62.0	27	-10.17	24.59	1	1.0	2.099	1.0	2.043	1.0	2.769	0.0	-1.0	0.0	-1.0	0.0	-1.0	0.0	-1.0	0.0	-1.0	0.0	-1.0
62.0	12	-17.82	21.38	1	0.0	-1.0	0.0	-1.0	0.0	-1.0	0.0	-1.0	0.0	-1.0	0.0	-1.0	0.0	-1.0	0.0	-1.0	0.0	-1.0
62.0	31	-31.72	27.63	1	1.0	4.982	0.0	-1.0	0.0	-1.0	0.0	-1.0	0.0	-1.0	0.0	-1.0	0.0	-1.0	0.0	-1.0	0.0	-1.0
62.0	19	13.83	16.41	1	0.0	-1.0	0.0	-1.0	0.0	-1.0	0.0	-1.0	0.0	-1.0	0.0	-1.0	0.0	-1.0	0.0	-1.0	0.0	-1.0
63.0	19	13.24	16.41	1	0.0	-1.0	0.0	-1.0	0.0	-1.0	0.0	-1.0	0.0	-1.0	0.0	-1.0	0.0	-1.0	0.0	-1.0	0.0	-1.0
63.0	27	-10.76	24.77	1	1.0	1.999	1.0	1.983	1.0	2.75	0.0	-1.0	0.0	-1.0	0.0	-1.0	0.0	-1.0	0.0	-1.0	0.0	-1.0
63.0	12	-17.41	20.93	1	0.0	-1.0	0.0	-1.0	0.0	-1.0	0.0	-1.0	0.0	-1.0	0.0	-1.0	0.0	-1.0	0.0	-1.0	0.0	-1.0
63.0	31	-31.72	27.62	1	1.0	4.981	0.0	-1.0	0.0	-1.0	0.0	-1.0	0.0	-1.0	0.0	-1.0	0.0	-1.0	0.0	-1.0	0.0	-1.0
63.0	22	17.91	4.61	1	0.0	-1.0	0.0	-1.0	0.0	-1.0	0.0	-1.0	0.0	-1.0	0.0	-1.0	0.0	-1.0	0.0	-1.0	0.0	-1.0
64.0	12	-17.0	20.57	1	0.0	-1.0	0.0	-1.0	0.0	-1.0	0.0	-1.0	0.0	-1.0	0.0	-1.0	0.0	-1.0	0.0	-1.0	0.0	-1.0
64.0	22	17.91	4.61	1	0.0	-1.0	0.0	-1.0	0.0	-1.0	0.0	-1.0	0.0	-1.0	0.0	-1.0	0.0	-1.0	0.0	-1.0	0.0	-1.0
64.0	31	-31.72	27.61	1	1.0	4.979	0.0	-1.0	0.0	-1.0	0.0	-1.0	0.0	-1.0	0.0	-1.0	0.0	-1.0	0.0	-1.0	0.0	-1.0
64.0	19	12.74	16.8	1	0.0	-1.0	0.0	-1.0	0.0	-1.0	0.0	-1.0	0.0	-1.0	0.0	-1.0	0.0	-1.0	0.0	-1.0	0.0	-1.0
64.0	27	-11.35	24.95	1	1.0	1.979	1.0	1.982	1.0	2.598	0.0	-1.0	0.0	-1.0	0.0	-1.0	0.0	-1.0	0.0	-1.0	0.0	-1.0
65.0	12	-16.64	20.16	1	0.0	-1.0	0.0	-1.0	0.0	-1.0	0.0	-1.0	0.0	-1.0	0.0	-1.0	0.0	-1.0	0.0	-1.0	0.0	-1.0
65.0	27	-11.94	24.95	1	1.0	2.175	1.0	2.11	1.0	2.771	0.0	-1.0	0.0	-1.0	0.0	-1.0	0.0	-1.0	0.0	-1.0	0.0	-1.0
65.0	22	17.91	4.61	1	0.0	-1.0	0.0	-1.0	0.0	-1.0	0.0	-1.0	0.0	-1.0	0.0	-1.0	0.0	-1.0	0.0	-1.0	0.0	-1.0
65.0	31	-31.71	27.6	1	1.0	4.998	0.0	-1.0	0.0	-1.0	0.0	-1.0	0.0	-1.0	0.0	-1.0	0.0	-1.0	0.0	-1.0	0.0	-1.0
65.0	19	12.15	17.0	1	0.0	-1.0	0.0	-1.0	0.0	-1.0	0.0	-1.0	0.0	-1.0	0.0	-1.0	0.0	-1.0	0.0	-1.0	0.0	-1.0
66.0	22	17.91	4.61	1	0.0	-1.0	0.0	-1.0	0.0	-1.0	0.0	-1.0	0.0	-1.0	0.0	-1.0	0.0	-1.0	0.0	-1.0	0.0	-1.0
66.0	27	-12.53	24.77	1	1.0	2.457	1.0	2.423	1.0	3.08	0.0	-1.0	0.0	-1.0	0.0	-1.0	0.0	-1.0	0.0	-1.0	0.0	-1.0
66.0	19	11.56	17.19	1	0.0	-1.0	0.0	-1.0	0.0	-1.0	0.0	-1.0	0.0	-1.0	0.0	-1.0	0.0	-1.0	0.0	-1.0	0.0	-1.0
66.0	31	-31.71	27.59	1	1.0	5.013	0.0	-1.0	0.0	-1.0	0.0	-1.0	0.0	-1.0	0.0	-1.0	0.0	-1.0	0.0	-1.0	0.0	-1.0
66.0	12	-16.1	19.7	1	0.0	-1.0	0.0	-1.0	0.0	-1.0	0.0	-1.0	0.0	-1.0	0.0	-1.0	0.0	-1.0	0.0	-1.0	0.0	-1.0
67.0	22	17.91	4.61	1	0.0	-1.0	0.0	-1.0	0.0	-1.0	0.0	-1.0	0.0	-1.0	0.0	-1.0	0.0	-1.0	0.0	-1.0	0.0	-1.0
67.0	12	-15.6	19.34	1	0.0	-1.0	0.0	-1.0	0.0	-1.0	0.0	-1.0	0.0	-1.0	0.0	-1.0	0.0	-1.0	0.0	-1.0	0.0	-1.0
67.0	31	-31.71	27.58	1	1.0	5.035	0.0	-1.0	0.0	-1.0	0.0	-1.0	0.0	-1.0	0.0	-1.0	0.0	-1.0	0.0	-1.0	0.0	-1.0
67.0	19	10.96	17.19	1	0.0	-1.0	0.0	-1.0	0.0	-1.0	0.0	-1.0	0.0	-1.0	0.0	-1.0	0.0	-1.0	0.0	-1.0	0.0	-1.0
67.0	27	-13.12	24.58	1	1.0	2.748	1.0	2.736	1.0	3.383	0.0	-1.0	0.0	-1.0	0.0	-1.0	0.0	-1.0	0.0	-1.0	0.0	-1.0
68.0	12	-15.1	18.98	1	0.0	-1.0	0.0	-1.0	0.0	-1.0	0.0	-1.0	0.0	-1.0	0.0	-1.0	0.0	-1.0	0.0	-1.0	0.0	-1.0
68.0	22	17.91	4.61	1	0.0	-1.0	0.0	-1.0	0.0	-1.0	0.0	-1.0	0.0	-1.0	0.0	-1.0	0.0	-1.0	0.0	-1.0	0.0	-1.0
68.0	28	-13.71	24.58	1	1.0	2.996	1.0	2.884	1.0	2.988	0.0	-1.0	0.0	-1.0	0.0	-1.0	0.0	-1.0	0.0	-1.0	0.0	-1.0
68.0	31	-31.71	27.58	1	1.0	5.012	0.0	-1.0	0.0	-1.0	0.0	-1.0	0.0	-1.0	0.0	-1.0	0.0	-1.0	0.0	-1.0	0.0	-1.0
69.0	12	-14.6	18.57	1	0.0	-1.0	0.0	-1.0	0.0	-1.0	0.0	-1.0	0.0	-1.0	0.0	-1.0	0.0	-1.0	0.0	-1.0	0.0	-1.0
69.0	22	17.91	4.61	1	0.0	-1.0	0.0	-1.0	0.0	-1.0	0.0	-1.0	0.0	-1.0	0.0	-1.0	0.0	-1.0	0.0	-1.0	0.0	-1.0
69.0	28	-14.3	24.77	1	1.0	2.872	1.0	2.842	1.0	3.103	0.0	-1.0	0.0	-1.0	0.0	-1.0	0.0	-1.0	0.0	-1.0	0.0	-1.0
69.0	31	-31.7	27.57	1	1.0	5.071	0.0	-1.0	0.0	-1.0	0.0	-1.0	0.0	-1.0	0.0	-1.0	0.0	-1.0	0.0	-1.0	0.0	-1.0
70.0	28	-14.89	24.95	1	1.0	2.929	1.0	2.922	1.0	3.318	0.0	-1.0	0.0	-1.0	0.0	-1.0	0.0	-1.0	0.0	-1.0	0.0	-1.0
70.0	22	17.91	4.61	1	0.0	-1.0	0.0	-1.0	0.0	-1.0	0.0	-1.0	0.0	-1.0	0.0	-1.0	0.0	-1.0	0.0	-1.0	0.0	-1.0
70.0	12	-14.1	18.21	1	0.0	-1.0	0.0	-1.0	0.0	-1.0	0.0	-1.0	0.0	-1.0	0.0	-1.0	0.0	-1.0	0.0	-1.0	0.0	-1.0
70.0	31	-31.7	27.56	1	1.0	5.009	0.0	-1.0	0.0	-1.0	0.0	-1.0	0.0	-1.0	0.0	-1.0	0.0	-1.0	0.0	-1.0	0.0	-1.0
71.0	12	-13.6	17.84	1	0.0	-1.0	0.0	-1.0	0.0	-1.0	0.0	-1.0	0.0	-1.0	0.0	-1.0	0.0	-1.0	0.0	-1.0	0.0	-1.0
71.0	22	17.91	4.61	1	0.0	-1.0	0.0	-1.0	0.0	-1.0	0.0	-1.0	0.0	-1.0	0.0	-1.0	0.0	-1.0	0.0	-1.0	0.0	-1.0
71.0	31	-31.7	27.55	1	1.0	5.056	0.0	-1.0	0.0	-1.0	0.0	-1.0	0.0	-1.0	0.0	-1.0	0.0	-1.0	0.0	-1.0	0.0	-1.0
71.0	28	-15.48	25.13	1	1.0	2.992	1.0	2.984	1.0	3.514	0.0	-1.0	0.0	-1.0	0.0	-1.0	0.0	-1.0	0.0	-1.0	0.0	-1.0
72.0	12	-13.1	17.48	1	0.0	-1.0	0.0	-1.0	0.0	-1.0	0.0	-1.0	0.0	-1.0	0.0	-1.0	0.0	-1.0	0.0	-1.0	0.0	-1.0
72.0	22	17.91	4.61	1	0.0	-1.0	0.0	-1.0	0.0	-1.0	0.0	-1.0	0.0	-1.0	0.0	-1.0	0.0	-1.0	0.0	-1.0	0.0	-1.0
72.0	28	-16.07	25.33	1	1.0	3.065	1.0	3.035	1.0	3.352	0.0	-1.0	0.0	-1.0	0.0	-1.0	0.0	-1.0	0.0	-1.0	0.0	-1.0
72.0	33	-31.7	27.54	1	0.0	-1.0	0.0	-1.0	0.0	-1.0	0.0	-1.0	0.0	-1.0	0.0	-1.0	0.0	-1.0	0.0	-1.0	0.0	-1.0
73.0	12	-12.6	17.07	1	0.0	-1.0	0.0	-1.0	0.0	-1.0	0.0	-1.0	0.0	-1.0	0.0	-1.0	0.0	-1.0	0.0	-1.0	0.0	-1.0
73.0	22	17.91	4.61	1	0.0	-1.0	0.0	-1.0	0.0	-1.0	0.0	-1.0	0.0	-1.0	0.0	-1.0	0.0	-1.0	0.0	-1.0	0.0	-1.0
73.0	28	-16.57	25.54	1	1.0	3.128	1.0	3.086	1.0	3.361	0.0	-1.0	0.0	-1.0	0.0	-1.0	0.0	-1.0	0.0	-1.0	0.0	-1.0
73.0	33	-31.7	27.54	1	0.0	-1.0	0.0	-1.0	0.0	-1.0	0.0	-1.0	0.0	-1.0	0.0	-1.0	0.0	-1.0	0.0	-1.0	0.0	-1.0
74.0	28	-17.0	25.54	1	1.0	3.261	1.0	3.249	0.0	-1.0	0.0	-1.0	0.0	-1.0	0.0	-1.0	0.0	-1.0	0.0	-1.0	0.0	-1.0
74.0	22	17.91	4.61	1	0.0	-1.0	0.0	-1.0	0.0	-1.0	0.0	-1.0	0.0	-1.0	0.0	-1.0	0.0	-1.0	0.0	-1.0	0.0	-1.0
74.0	12	-12.15	16.71	1	0.0	-1.0	0.0	-1.0	0.0	-1.0	0.0	-1.0	0.0	-1.0	0.0	-1.0	0.0	-1.0	0.0	-1.0	0.0	-1.0
74.0	33	-31.69	27.53	1	0.0	-1.0	0.0	-1.0	0.0	-1.0	0.0	-1.0	0.0	-1.0	0.0	-1.0	0.0	-1.0	0.0	-1.0	0.0	-1.0
75.0	12	-11.65	16.16	1	0.0	-1.0	0.0	-1.0	0.0	-1.0	0.0	-1.0	0.0	-1.0	0.0	-1.0	0.0	-1.0	0.0	-1.0	0.0	-1.0
75.0	33	-31.69	27.52	1	0.0	-1.0	0.0	-1.0	0.0	-1.0	0.0	-1.0	0.0	-1.0	0.0	-1.0	0.0	-1.0	0.0	-1.0	0.0	-1.0
75.0	5	-30.26	31.78	1	1.0	1.524	1.0	1.238	0.0	-1.0	1.0	0.954	1.0	0.96	0.0	-1.0	1.0	1.432	1.0	1.567	0.0	-1.0
75.0	22	17.91	4.61	1	0.0	-1.0	0.0	-1.0	0.0	-1.0	0.0	-1.0	0.0	-1.0	0.0	-1.0	0.0	-1.0	0.0	-1.0	0.0	-1.0
75.0	28	-17.41	25.54	1	1.0	3.452	1.0	3.395	0.0	-1.0	0.0	-1.0	0.0	-1.0	0.0	-1.0	0.0	-1.0	0.0	-1.0	0.0	-1.0
76.0	33	-31.69	27.51	1	0.0	-1.0	0.0	-1.0	0.0	-1.0	0.0	-1.0	0.0	-1.0	0.0	-1.0	0.0	-1.0	0.0	-1.0	0.0	-1.0
76.0	5	-30.17	30.69	1	1.0	2.285	0.0	-1.0	0.0	-1.0	1.0	2.033	0.0	-1.0	0.0	-1.0	1.0	2.247	0.0	-1.0	0.0	-1.0
76.0	28	-17.84	25.54	1	1.0	3.62	1.0	3.576	0.0	-1.0	0.0	-1.0	0.0	-1.0	0.0	-1.0	0.0	-1.0	0.0	-1.0	0.0	-1.0
76.0	12	-11.24	15.75	1	0.0	-1.0	0.0	-1.0	0.0	-1.0	0.0	-1.0	0.0	-1.0	0.0	-1.0	0.0	-1.0	0.0	-1.0	0.0	-1.0
76.0	22	17.91	4.61	1	0.0	-1.0	0.0	-1.0	0.0	-1.0	0.0	-1.0	0.0	-1.0	0.0	-1.0	0.0	-1.0	0.0	-1.0	0.0	-1.0
77.0	28	-18.43	25.72	1	1.0	3.74	1.0	3.649	0.0	-1.0	0.0	-1.0	0.0	-1.0	0.0	-1.0	0.0	-1.0	0.0	-1.0	0.0	-1.0
77.0	13	-10.83	15.39	1	0.0	-1.0	0.0	-1.0	0.0	-1.0	0.0	-1.0	0.0	-1.0	0.0	-1.0	0.0	-1.0	0.0	-1.0	0.0	-1.0
77.0	5	-29.85	30.28	1	1.0	2.585	0.0	-1.0	0.0	-1.0	1.0	2.481	0.0	-1.0	0.0	-1.0	1.0	2.513	0.0	-1.0	0.0	-1.0
77.0	33	-31.69	27.5	1	0.0	-1.0	0.0	-1.0	0.0	-1.0	0.0	-1.0	0.0	-1.0	0.0	-1.0	0.0	-1.0	0.0	-1.0	0.0	-1.0
77.0	22	17.91	4.61	1	0.0	-1.0	0.0	-1.0	0.0	-1.0	0.0	-1.0	0.0	-1.0	0.0	-1.0	0.0	-1.0	0.0	-1.0	0.0	-1.0
78.0	13	-10.47	15.03	1	0.0	-1.0	0.0	-1.0	0.0	-1.0	0.0	-1.0	0.0	-1.0	0.0	-1.0	0.0	-1.0	0.0	-1.0	0.0	-1.0
78.0	33	-31.68	27.49	1	0.0	-1.0	0.0	-1.0	0.0	-1.0	0.0	-1.0	0.0	-1.0	0.0	-1.0	0.0	-1.0	0.0	-1.0	0.0	-1.0
78.0	22	17.91	4.61	1	0.0	-1.0	0.0	-1.0	0.0	-1.0	0.0	-1.0	0.0	-1.0	0.0	-1.0	0.0	-1.0	0.0	-1.0	0.0	-1.0
78.0	5	-29.58	30.1	1	1.0	3.202	0.0	-1.0	0.0	-1.0	1.0	2.674	0.0	-1.0	0.0	-1.0	1.0	2.67	1.0	3.065	0.0	-1.0
78.0	28	-19.02	25.72	1	1.0	4.053	0.0	-1.0	0.0	-1.0	0.0	-1.0	0.0	-1.0	0.0	-1.0	0.0	-1.0	0.0	-1.0	0.0	-1.0
79.0	5	-29.26	29.92	1	0.0	-1.0	0.0	-1.0	0.0	-1.0	1.0	2.89	0.0	-1.0	0.0	-1.0	1.0	2.885	1.0	3.326	0.0	-1.0
79.0	22	17.91	4.61	1	0.0	-1.0	0.0	-1.0	0.0	-1.0	0.0	-1.0	0.0	-1.0	0.0	-1.0	0.0	-1.0	0.0	-1.0	0.0	-1.0
79.0	28	-19.61	25.72	1	1.0	4.425	0.0	-1.0	0.0	-1.0	0.0	-1.0	0.0	-1.0	0.0	-1.0	0.0	-1.0	0.0	-1.0	0.0	-1.0
79.0	13	-10.06	14.46	1	0.0	-1.0	0.0	-1.0	0.0	-1.0	0.0	-1.0	0.0	-1.0	0.0	-1.0	0.0	-1.0	0.0	-1.0	0.0	-1.0
79.0	33	-31.68	27.49	1	0.0	-1.0	0.0	-1.0	0.0	-1.0	0.0	-1.0	0.0	-1.0	0.0	-1.0	0.0	-1.0	0.0	-1.0	0.0	-1.0
80.0	28	-20.36	25.9	1	1.0	4.888	0.0	-1.0	0.0	-1.0	0.0	-1.0	0.0	-1.0	0.0	-1.0	0.0	-1.0	0.0	-1.0	0.0	-1.0
80.0	5	-28.6	29.55	1	0.0	-1.0	0.0	-1.0	0.0	-1.0	1.0	3.415	0.0	-1.0	0.0	-1.0	1.0	3.281	0.0	-1.0	0.0	-1.0
80.0	13	-9.65	14.07	1	0.0	-1.0	0.0	-1.0	0.0	-1.0	0.0	-1.0	0.0	-1.0	0.0	-1.0	0.0	-1.0	0.0	-1.0	0.0	-1.0
80.0	22	17.91	4.61	1	0.0	-1.0	0.0	-1.0	0.0	-1.0	0.0	-1.0	0.0	-1.0	0.0	-1.0	0.0	-1.0	0.0	-1.0	0.0	-1.0
80.0	33	-31.68	27.48	1	0.0	-1.0	0.0	-1.0	0.0	-1.0	0.0	-1.0	0.0	-1.0	0.0	-1.0	0.0	-1.0	0.0	-1.0	0.0	-1.0
81.0	22	17.91	4.61	1	0.0	-1.0	0.0	-1.0	0.0	-1.0	0.0	-1.0	0.0	-1.0	0.0	-1.0	0.0	-1.0	0.0	-1.0	0.0	-1.0
81.0	5	-27.85	29.37	1	0.0	-1.0	0.0	-1.0	0.0	-1.0	0.0	-1.0	0.0	-1.0	0.0	-1.0	1.0	3.577	0.0	-1.0	0.0	-1.0
81.0	28	-21.02	26.08	1	0.0	-1.0	0.0	-1.0	0.0	-1.0	0.0	-1.0	0.0	-1.0	0.0	-1.0	0.0	-1.0	0.0	-1.0	0.0	-1.0
81.0	33	-31.68	27.47	1	0.0	-1.0	0.0	-1.0	0.0	-1.0	0.0	-1.0	0.0	-1.0	0.0	-1.0	0.0	-1.0	0.0	-1.0	0.0	-1.0
81.0	13	-9.29	13.71	1	0.0	-1.0	0.0	-1.0	0.0	-1.0	0.0	-1.0	0.0	-1.0	0.0	-1.0	0.0	-1.0	0.0	-1.0	0.0	-1.0
82.0	33	-31.67	27.46	1	0.0	-1.0	0.0	-1.0	0.0	-1.0	0.0	-1.0	0.0	-1.0	0.0	-1.0	0.0	-1.0	0.0	-1.0	0.0	-1.0
82.0	28	-21.7	26.26	1	0.0	-1.0	0.0	-1.0	0.0	-1.0	0.0	-1.0	0.0	-1.0	0.0	-1.0	0.0	-1.0	0.0	-1.0	0.0	-1.0
82.0	13	-8.97	13.17	1	0.0	-1.0	0.0	-1.0	0.0	-1.0	0.0	-1.0	0.0	-1.0	0.0	-1.0	0.0	-1.0	0.0	-1.0	0.0	-1.0
82.0	5	-26.99	29.19	1	0.0	-1.0	0.0	-1.0	0.0	-1.0	0.0	-1.0	0.0	-1.0	0.0	-1.0	1.0	3.809	0.0	-1.0	0.0	-1.0
83.0	33	-31.67	27.45	1	0.0	-1.0	0.0	-1.0	0.0	-1.0	0.0	-1.0	0.0	-1.0	0.0	-1.0	0.0	-1.0	0.0	-1.0	0.0	-1.0
83.0	28	-22.2	26.26	1	0.0	-1.0	0.0	-1.0	0.0	-1.0	0.0	-1.0	0.0	-1.0	0.0	-1.0	0.0	-1.0	0.0	-1.0	0.0	-1.0
83.0	5	-26.27	28.78	1	0.0	-1.0	0.0	-1.0	0.0	-1.0	0.0	-1.0	0.0	-1.0	0.0	-1.0	1.0	4.246	0.0	-1.0	0.0	-1.0
83.0	13	-8.7	12.58	1	0.0	-1.0	0.0	-1.0	0.0	-1.0	0.0	-1.0	0.0	-1.0	0.0	-1.0	0.0	-1.0	0.0	-1.0	0.0	-1.0
84.0	13	-8.51	11.85	1	0.0	-1.0	0.0	-1.0	0.0	-1.0	0.0	-1.0	0.0	-1.0	0.0	-1.0	0.0	-1.0	0.0	-1.0	0.0	-1.0
84.0	5	-25.68	28.42	1	0.0	-1.0	0.0	-1.0	0.0	-1.0	0.0	-1.0	0.0	-1.0	0.0	-1.0	1.0	4.669	0.0	-1.0	0.0	-1.0
84.0	28	-22.79	26.17	1	0.0	-1.0	0.0	-1.0	0.0	-1.0	0.0	-1.0	0.0	-1.0	0.0	-1.0	0.0	-1.0	0.0	-1.0	0.0	-1.0
84.0	33	-31.67	27.45	1	0.0	-1.0	0.0	-1.0	0.0	-1.0	0.0	-1.0	0.0	-1.0	0.0	-1.0	0.0	-1.0	0.0	-1.0	0.0	-1.0
85.0	28	-23.43	26.08	1	0.0	-1.0	0.0	-1.0	0.0	-1.0	0.0	-1.0	0.0	-1.0	0.0	-1.0	0.0	-1.0	0.0	-1.0	0.0	-1.0
85.0	5	-25.08	28.06	1	0.0	-1.0	0.0	-1.0	0.0	-1.0	0.0	-1.0	0.0	-1.0	0.0	-1.0	1.0	5.087	0.0	-1.0	0.0	-1.0
85.0	33	-31.67	27.44	1	0.0	-1.0	0.0	-1.0	0.0	-1.0	0.0	-1.0	0.0	-1.0	0.0	-1.0	0.0	-1.0	0.0	-1.0	0.0	-1.0
85.0	13	-8.38	11.26	1	0.0	-1.0	0.0	-1.0	0.0	-1.0	0.0	-1.0	0.0	-1.0	0.0	-1.0	0.0	-1.0	0.0	-1.0	0.0	-1.0
86.0	33	-31.66	27.43	1	0.0	-1.0	0.0	-1.0	0.0	-1.0	0.0	-1.0	0.0	-1.0	0.0	-1.0	0.0	-1.0	0.0	-1.0	0.0	-1.0
86.0	28	-24.02	26.17	1	0.0	-1.0	0.0	-1.0	0.0	-1.0	0.0	-1.0	0.0	-1.0	0.0	-1.0	0.0	-1.0	0.0	-1.0	0.0	-1.0
86.0	13	-8.24	10.62	1	0.0	-1.0	0.0	-1.0	0.0	-1.0	0.0	-1.0	0.0	-1.0	0.0	-1.0	0.0	-1.0	0.0	-1.0	0.0	-1.0
86.0	5	-24.4	27.88	1	0.0	-1.0	0.0	-1.0	0.0	-1.0	0.0	-1.0	0.0	-1.0	0.0	-1.0	0.0	-1.0	0.0	-1.0	0.0	-1.0
87.0	33	-31.66	27.42	1	0.0	-1.0	0.0	-1.0	0.0	-1.0	0.0	-1.0	0.0	-1.0	0.0	-1.0	0.0	-1.0	0.0	-1.0	0.0	-1.0
87.0	13	-8.13	9.94	1	0.0	-1.0	0.0	-1.0	0.0	-1.0	0.0	-1.0	0.0	-1.0	0.0	-1.0	0.0	-1.0	0.0	-1.0	0.0	-1.0
87.0	5	-23.72	27.69	1	0.0	-1.0	0.0	-1.0	0.0	-1.0	0.0	-1.0	0.0	-1.0	0.0	-1.0	0.0	-1.0	0.0	-1.0	0.0	-1.0
87.0	28	-24.61	26.08	1	0.0	-1.0	0.0	-1.0	0.0	-1.0	0.0	-1.0	0.0	-1.0	0.0	-1.0	0.0	-1.0	0.0	-1.0	0.0	-1.0
88.0	5	-23.13	27.38	1	0.0	-1.0	0.0	-1.0	0.0	-1.0	0.0	-1.0	0.0	-1.0	0.0	-1.0	0.0	-1.0	0.0	-1.0	0.0	-1.0
88.0	13	-7.97	9.4	1	0.0	-1.0	0.0	-1.0	0.0	-1.0	0.0	-1.0	0.0	-1.0	0.0	-1.0	0.0	-1.0	0.0	-1.0	0.0	-1.0
88.0	33	-31.66	27.41	1	0.0	-1.0	0.0	-1.0	0.0	-1.0	0.0	-1.0	0.0	-1.0	0.0	-1.0	0.0	-1.0	0.0	-1.0	0.0	-1.0
89.0	13	-7.88	8.65	1	0.0	-1.0	0.0	-1.0	0.0	-1.0	0.0	-1.0	0.0	-1.0	0.0	-1.0	0.0	-1.0	0.0	-1.0	0.0	-1.0
89.0	33	-31.66	27.41	1	0.0	-1.0	0.0	-1.0	0.0	-1.0	0.0	-1.0	0.0	-1.0	0.0	-1.0	0.0	-1.0	0.0	-1.0	0.0	-1.0
89.0	5	-22.45	27.1	1	0.0	-1.0	0.0	-1.0	0.0	-1.0	0.0	-1.0	0.0	-1.0	0.0	-1.0	0.0	-1.0	0.0	-1.0	0.0	-1.0
90.0	5	-21.79	26.83	1	0.0	-1.0	0.0	-1.0	0.0	-1.0	0.0	-1.0	0.0	-1.0	0.0	-1.0	0.0	-1.0	0.0	-1.0	0.0	-1.0
90.0	33	-31.65	27.4	1	0.0	-1.0	0.0	-1.0	0.0	-1.0	0.0	-1.0	0.0	-1.0	0.0	-1.0	0.0	-1.0	0.0	-1.0	0.0	-1.0
90.0	13	-7.74	8.08	1	0.0	-1.0	0.0	-1.0	0.0	-1.0	0.0	-1.0	0.0	-1.0	0.0	-1.0	0.0	-1.0	0.0	-1.0	0.0	-1.0
91.0	13	-7.58	7.45	1	0.0	-1.0	0.0	-1.0	0.0	-1.0	0.0	-1.0	0.0	-1.0	0.0	-1.0	0.0	-1.0	0.0	-1.0	0.0	-1.0
91.0	33	-31.65	27.39	1	0.0	-1.0	0.0	-1.0	0.0	-1.0	0.0	-1.0	0.0	-1.0	0.0	-1.0	0.0	-1.0	0.0	-1.0	0.0	-1.0
91.0	5	-21.2	26.65	1	0.0	-1.0	0.0	-1.0	0.0	-1.0	0.0	-1.0	0.0	-1.0	0.0	-1.0	0.0	-1.0	0.0	-1.0	0.0	-1.0
92.0	5	-20.45	26.47	1	0.0	-1.0	0.0	-1.0	0.0	-1.0	0.0	-1.0	0.0	-1.0	0.0	-1.0	0.0	-1.0	0.0	-1.0	1.0	4.541
92.0	13	-7.49	6.76	1	0.0	-1.0	0.0	-1.0	0.0	-1.0	0.0	-1.0	0.0	-1.0	0.0	-1.0	0.0	-1.0	0.0	-1.0	0.0	-1.0
92.0	34	-31.65	27.38	1	0.0	-1.0	0.0	-1.0	0.0	-1.0	0.0	-1.0	0.0	-1.0	0.0	-1.0	0.0	-1.0	0.0	-1.0	0.0	-1.0
93.0	5	-19.68	26.2	1	0.0	-1.0	0.0	-1.0	0.0	-1.0	0.0	-1.0	0.0	-1.0	0.0	-1.0	0.0	-1.0	0.0	-1.0	1.0	4.158
93.0	13	-7.36	6.13	1	0.0	-1.0	0.0	-1.0	0.0	-1.0	0.0	-1.0	0.0	-1.0	0.0	-1.0	0.0	-1.0	0.0	-1.0	0.0	-1.0
93.0	34	-31.65	27.37	1	0.0	-1.0	0.0	-1.0	0.0	-1.0	0.0	-1.0	0.0	-1.0	0.0	-1.0	0.0	-1.0	0.0	-1.0	0.0	-1.0
94.0	34	-31.64	27.36	1	0.0	-1.0	0.0	-1.0	0.0	-1.0	0.0	-1.0	0.0	-1.0	0.0	-1.0	0.0	-1.0	0.0	-1.0	0.0	-1.0
94.0	5	-18.93	25.97	1	0.0	-1.0	0.0	-1.0	0.0	-1.0	0.0	-1.0	0.0	-1.0	0.0	-1.0	0.0	-1.0	1.0	3.753	1.0	4.023
94.0	13	-7.2	5.54	1	0.0	-1.0	0.0	-1.0	0.0	-1.0	0.0	-1.0	0.0	-1.0	0.0	-1.0	0.0	-1.0	0.0	-1.0	0.0	-1.0
95.0	13	-7.08	4.9	1	0.0	-1.0	0.0	-1.0	1.0	5.155	0.0	-1.0	0.0	-1.0	0.0	-1.0	0.0	-1.0	0.0	-1.0	0.0	-1.0
95.0	34	-31.64	27.36	1	0.0	-1.0	0.0	-1.0	0.0	-1.0	0.0	-1.0	0.0	-1.0	0.0	-1.0	0.0	-1.0	0.0	-1.0	0.0	-1.0
95.0	6	-18.18	25.7	1	0.0	-1.0	0.0	-1.0	0.0	-1.0	0.0	-1.0	0.0	-1.0	0.0	-1.0	0.0	-1.0	1.0	3.61	1.0	3.616
96.0	34	-31.64	27.35	1	0.0	-1.0	0.0	-1.0	0.0	-1.0	0.0	-1.0	0.0	-1.0	0.0	-1.0	0.0	-1.0	0.0	-1.0	0.0	-1.0
96.0	13	-6.99	4.22	1	0.0	-1.0	1.0	4.411	1.0	4.887	0.0	-1.0	0.0	-1.0	0.0	-1.0	0.0	-1.0	0.0	-1.0	0.0	-1.0
96.0	6	-17.32	25.51	1	0.0	-1.0	0.0	-1.0	0.0	-1.0	0.0	-1.0	0.0	-1.0	0.0	-1.0	0.0	-1.0	1.0	3.398	1.0	3.424
97.0	14	-6.81	3.68	1	0.0	-1.0	0.0	-1.0	1.0	4.693	0.0	-1.0	0.0	-1.0	0.0	-1.0	0.0	-1.0	0.0	-1.0	0.0	-1.0
97.0	6	-16.66	25.33	1	0.0	-1.0	0.0	-1.0	0.0	-1.0	0.0	-1.0	0.0	-1.0	0.0	-1.0	0.0	-1.0	1.0	3.291	1.0	3.311
97.0	34	-31.64	27.34	1	0.0	-1.0	0.0	-1.0	0.0	-1.0	0.0	-1.0	0.0	-1.0	0.0	-1.0	0.0	-1.0	0.0	-1.0	0.0	-1.0
98.0	14	-6.67	2.95	1	0.0	-1.0	0.0	-1.0	1.0	4.483	0.0	-1.0	0.0	-1.0	0.0	-1.0	0.0	-1.0	0.0	-1.0	0.0	-1.0
98.0	6	-16.01	25.15	1	0.0	-1.0	0.0	-1.0	0.0	-1.0	0.0	-1.0	0.0	-1.0	0.0	-1.0	1.0	3.741	1.0	3.203	1.0	3.199
98.0	34	-31.63	27.33	1	0.0	-1.0	0.0	-1.0	0.0	-1.0	0.0	-1.0	0.0	-1.0	0.0	-1.0	0.0	-1.0	0.0	-1.0	0.0	-1.0
99.0	14	-6.61	2.36	1	0.0	-1.0	1.0	4.072	1.0	4.252	0.0	-1.0	0.0	-1.0	0.0	-1.0	0.0	-1.0	0.0	-1.0	0.0	-1.0
99.0	6	-15.32	24.97	1	0.0	-1.0	0.0	-1.0	0.0	-1.0	0.0	-1.0	0.0	-1.0	0.0	-1.0	1.0	3.497	1.0	3.077	1.0	3.086
99.0	34	-31.63	27.32	1	0.0	-1.0	0.0	-1.0	0.0	-1.0	0.0	-1.0	0.0	-1.0	0.0	-1.0	0.0	-1.0	0.0	-1.0	0.0	-1.0
100.0	14	-6.45	1.82	1	0.0	-1.0	1.0	3.992	1.0	4.145	0.0	-1.0	0.0	-1.0	0.0	-1.0	0.0	-1.0	0.0	-1.0	0.0	-1.0
100.0	34	-31.63	27.32	1	0.0	-1.0	0.0	-1.0	0.0	-1.0	0.0	-1.0	0.0	-1.0	0.0	-1.0	0.0	-1.0	0.0	-1.0	0.0	-1.0
100.0	6	-14.64	24.97	1	0.0	-1.0	0.0	-1.0	0.0	-1.0	0.0	-1.0	0.0	-1.0	0.0	-1.0	1.0	3.355	1.0	2.803	1.0	2.779
101.0	34	-31.63	27.31	1	0.0	-1.0	0.0	-1.0	0.0	-1.0	0.0	-1.0	0.0	-1.0	0.0	-1.0	0.0	-1.0	0.0	-1.0	0.0	-1.0
101.0	14	-6.31	1.04	1	0.0	-1.0	1.0	3.8	1.0	3.855	0.0	-1.0	0.0	-1.0	0.0	-1.0	0.0	-1.0	0.0	-1.0	0.0	-1.0
101.0	6	-13.96	24.79	1	0.0	-1.0	0.0	-1.0	0.0	-1.0	0.0	-1.0	0.0	-1.0	0.0	-1.0	1.0	3.144	1.0	2.712	1.0	2.784
102.0	34	-31.62	27.3	1	0.0	-1.0	0.0	-1.0	0.0	-1.0	0.0	-1.0	0.0	-1.0	0.0	-1.0	0.0	-1.0	0.0	-1.0	0.0	-1.0
102.0	14	-6.17	0.5	1	1.0	4.396	1.0	3.72	1.0	3.831	0.0	-1.0	0.0	-1.0	0.0	-1.0	0.0	-1.0	0.0	-1.0	0.0	-1.0
102.0	6	-13.28	24.58	1	0.0	-1.0	0.0	-1.0	0.0	-1.0	0.0	-1.0	0.0	-1.0	0.0	-1.0	1.0	2.985	1.0	2.798	1.0	2.849
103.0	34	-31.62	27.29	1	0.0	-1.0	0.0	-1.0	0.0	-1.0	0.0	-1.0	0.0	-1.0	0.0	-1.0	0.0	-1.0	0.0	-1.0	0.0	-1.0
103.0	14	-6.06	-0.27	1	1.0	4.155	1.0	3.512	1.0	3.535	0.0	-1.0	0.0	-1.0	0.0	-1.0	0.0	-1.0	0.0	-1.0	0.0	-1.0
103.0	6	-12.62	24.38	1	0.0	-1.0	0.0	-1.0	0.0	-1.0	0.0	-1.0	0.0	-1.0	0.0	-1.0	1.0	3.04	1.0	2.812	1.0	2.938
104.0	34	-31.62	27.28	1	0.0	-1.0	0.0	-1.0	0.0	-1.0	0.0	-1.0	0.0	-1.0	0.0	-1.0	0.0	-1.0	0.0	-1.0	0.0	-1.0
104.0	6	-11.87	24.38	1	0.0	-1.0	0.0	-1.0	0.0	-1.0	0.0	-1.0	0.0	-1.0	0.0	-1.0	1.0	2.994	1.0	2.639	1.0	2.72
104.0	14	-5.95	-0.82	1	1.0	3.977	1.0	3.411	1.0	3.39	0.0	-1.0	0.0	-1.0	0.0	-1.0	0.0	-1.0	0.0	-1.0	0.0	-1.0
105.0	14	-5.81	-1.48	1	1.0	3.842	1.0	3.262	1.0	3.258	0.0	-1.0	0.0	-1.0	0.0	-1.0	0.0	-1.0	0.0	-1.0	0.0	-1.0
105.0	6	-11.1	24.2	1	0.0	-1.0	0.0	-1.0	0.0	-1.0	0.0	-1.0	0.0	-1.0	0.0	-1.0	1.0	2.83	1.0	2.635	1.0	2.663
105.0	34	-31.62	27.27	1	0.0	-1.0	0.0	-1.0	0.0	-1.0	0.0	-1.0	0.0	-1.0	0.0	-1.0	0.0	-1.0	0.0	-1.0	0.0	-1.0
106.0	6	-10.42	24.2	1	0.0	-1.0	0.0	-1.0	0.0	-1.0	0.0	-1.0	0.0	-1.0	0.0	-1.0	1.0	2.903	1.0	2.496	1.0	2.682
106.0	34	-31.61	27.27	1	0.0	-1.0	0.0	-1.0	0.0	-1.0	0.0	-1.0	0.0	-1.0	0.0	-1.0	0.0	-1.0	0.0	-1.0	0.0	-1.0
106.0	14	-5.63	-2.13	1	1.0	3.72	1.0	3.142	1.0	3.161	0.0	-1.0	0.0	-1.0	0.0	-1.0	0.0	-1.0	0.0	-1.0	0.0	-1.0
107.0	14	-5.56	-2.68	1	1.0	3.529	1.0	3.033	1.0	3.015	0.0	-1.0	0.0	-1.0	0.0	-1.0	0.0	-1.0	0.0	-1.0	0.0	-1.0
107.0	34	-31.61	27.26	1	0.0	-1.0	0.0	-1.0	0.0	-1.0	0.0	-1.0	0.0	-1.0	0.0	-1.0	0.0	-1.0	0.0	-1.0	0.0	-1.0
107.0	6	-9.69	24.2	1	0.0	-1.0	0.0	-1.0	0.0	-1.0	0.0	-1.0	0.0	-1.0	0.0	-1.0	1.0	2.455	1.0	2.425	1.0	2.729
108.0	30	-31.46	28.6	1	0.0	-1.0	0.0	-1.0	0.0	-1.0	0.0	-1.0	0.0	-1.0	0.0	-1.0	0.0	-1.0	0.0	-1.0	1.0	4.003
108.0	14	-5.43	-3.36	1	1.0	3.348	1.0	2.847	1.0	2.856	0.0	-1.0	0.0	-1.0	0.0	-1.0	0.0	-1.0	0.0	-1.0	0.0	-1.0
108.0	6	-8.92	24.02	1	0.0	-1.0	0.0	-1.0	0.0	-1.0	0.0	-1.0	0.0	-1.0	0.0	-1.0	1.0	2.733	1.0	2.657	1.0	2.753
108.0	34	-31.61	27.25	1	0.0	-1.0	0.0	-1.0	0.0	-1.0	0.0	-1.0	0.0	-1.0	0.0	-1.0	0.0	-1.0	0.0	-1.0	0.0	-1.0
109.0	6	-8.15	24.02	1	0.0	-1.0	0.0	-1.0	0.0	-1.0	0.0	-1.0	0.0	-1.0	0.0	-1.0	1.0	2.715	1.0	2.511	1.0	2.636
109.0	34	-31.61	27.24	1	0.0	-1.0	0.0	-1.0	0.0	-1.0	0.0	-1.0	0.0	-1.0	0.0	-1.0	0.0	-1.0	0.0	-1.0	0.0	-1.0
109.0	14	-5.27	-4.0	1	1.0	3.216	1.0	2.767	1.0	2.758	0.0	-1.0	0.0	-1.0	0.0	-1.0	0.0	-1.0	0.0	-1.0	0.0	-1.0
109.0	30	-30.78	28.99	1	0.0	-1.0	0.0	-1.0	0.0	-1.0	0.0	-1.0	0.0	-1.0	0.0	-1.0	0.0	-1.0	1.0	3.775	1.0	3.703
110.0	6	-7.49	23.84	1	0.0	-1.0	0.0	-1.0	0.0	-1.0	0.0	-1.0	0.0	-1.0	0.0	-1.0	1.0	2.866	1.0	2.581	1.0	2.967
110.0	34	-31.6	27.23	1	0.0	-1.0	0.0	-1.0	0.0	-1.0	0.0	-1.0	0.0	-1.0	0.0	-1.0	0.0	-1.0	0.0	-1.0	0.0	-1.0
110.0	14	-5.18	-4.68	1	1.0	3.029	1.0	2.591	1.0	2.541	0.0	-1.0	0.0	-1.0	0.0	-1.0	0.0	-1.0	0.0	-1.0	0.0	-1.0
110.0	30	-30.03	29.37	1	0.0	-1.0	0.0	-1.0	0.0	-1.0	0.0	-1.0	0.0	-1.0	0.0	-1.0	0.0	-1.0	1.0	3.347	1.0	3.391
111.0	14	-5.06	-5.22	1	1.0	2.807	1.0	2.457	1.0	2.44	0.0	-1.0	0.0	-1.0	1.0	3.581	0.0	-1.0	0.0	-1.0	0.0	-1.0
111.0	6	-6.83	23.65	1	0.0	-1.0	0.0	-1.0	0.0	-1.0	0.0	-1.0	0.0	-1.0	0.0	-1.0	1.0	2.87	1.0	2.738	0.0	-1.0
111.0	34	-31.6	27.23	1	0.0	-1.0	0.0	-1.0	0.0	-1.0	0.0	-1.0	0.0	-1.0	0.0	-1.0	0.0	-1.0	0.0	-1.0	0.0	-1.0
111.0	30	-29.53	29.92	1	0.0	-1.0	0.0	-1.0	0.0	-1.0	0.0	-1.0	0.0	-1.0	1.0	3.206	0.0	-1.0	1.0	2.825	1.0	2.867
112.0	6	-6.06	23.47	1	0.0	-1.0	0.0	-1.0	0.0	-1.0	0.0	-1.0	0.0	-1.0	0.0	-1.0	1.0	2.921	1.0	2.933	0.0	-1.0
112.0	30	-29.1	30.49	1	0.0	-1.0	0.0	-1.0	0.0	-1.0	0.0	-1.0	0.0	-1.0	1.0	2.504	0.0	-1.0	1.0	2.307	1.0	2.328
112.0	14	-4.88	-5.88	1	1.0	2.726	1.0	2.35	1.0	2.359	0.0	-1.0	0.0	-1.0	1.0	3.433	0.0	-1.0	0.0	-1.0	0.0	-1.0
113.0	6	-5.38	23.27	1	0.0	-1.0	0.0	-1.0	0.0	-1.0	0.0	-1.0	0.0	-1.0	0.0	-1.0	1.0	3.451	1.0	3.503	0.0	-1.0
113.0	14	-4.74	-6.54	1	1.0	2.591	1.0	2.233	1.0	2.284	0.0	-1.0	0.0	-1.0	1.0	3.17	0.0	-1.0	0.0	-1.0	0.0	-1.0
113.0	30	-28.69	31.23	1	0.0	-1.0	0.0	-1.0	0.0	-1.0	0.0	-1.0	1.0	1.637	1.0	1.656	1.0	3.24	1.0	1.62	1.0	1.634
114.0	14	-4.68	-7.17	1	1.0	2.348	1.0	2.032	1.0	2.106	0.0	-1.0	0.0	-1.0	1.0	2.679	0.0	-1.0	0.0	-1.0	1.0	4.715
114.0	6	-4.7	23.09	1	0.0	-1.0	0.0	-1.0	0.0	-1.0	0.0	-1.0	0.0	-1.0	0.0	-1.0	1.0	3.85	0.0	-1.0	0.0	-1.0
114.0	30	-28.51	31.42	1	0.0	-1.0	0.0	-1.0	0.0	-1.0	0.0	-1.0	1.0	1.455	1.0	1.465	1.0	3.103	1.0	1.463	1.0	1.544
115.0	7	-4.04	23.09	1	0.0	-1.0	0.0	-1.0	0.0	-1.0	0.0	-1.0	0.0	-1.0	0.0	-1.0	0.0	-1.0	0.0	-1.0	0.0	-1.0
115.0	30	-28.51	31.42	1	0.0	-1.0	0.0	-1.0	0.0	-1.0	0.0	-1.0	1.0	1.455	1.0	1.465	1.0	3.103	1.0	1.463	1.0	1.544
115.0	14	-4.52	-7.85	1	1.0	2.219	1.0	1.921	1.0	2.011	0.0	-1.0	1.0	1.928	1.0	2.143	0.0	-1.0	0.0	-1.0	1.0	3.081
116.0	30	-28.51	31.42	1	0.0	-1.0	0.0	-1.0	0.0	-1.0	0.0	-1.0	1.0	1.455	1.0	1.465	1.0	3.103	1.0	1.463	1.0	1.544
116.0	7	-3.29	23.09	1	0.0	-1.0	0.0	-1.0	0.0	-1.0	0.0	-1.0	0.0	-1.0	0.0	-1.0	0.0	-1.0	0.0	-1.0	0.0	-1.0
116.0	14	-4.38	-8.4	1	1.0	2.084	1.0	1.746	1.0	1.726	0.0	-1.0	1.0	1.823	1.0	1.711	0.0	-1.0	0.0	-1.0	1.0	2.693
117.0	30	-28.51	31.42	1	0.0	-1.0	0.0	-1.0	0.0	-1.0	0.0	-1.0	1.0	1.455	1.0	1.465	1.0	3.103	1.0	1.463	1.0	1.544
117.0	7	-2.61	23.09	1	0.0	-1.0	0.0	-1.0	0.0	-1.0	0.0	-1.0	0.0	-1.0	0.0	-1.0	0.0	-1.0	0.0	-1.0	0.0	-1.0
118.0	30	-28.51	31.42	1	0.0	-1.0	0.0	-1.0	0.0	-1.0	0.0	-1.0	1.0	1.455	1.0	1.465	1.0	3.103	1.0	1.463	1.0	1.544
118.0	7	-1.84	23.09	1	0.0	-1.0	0.0	-1.0	0.0	-1.0	0.0	-1.0	0.0	-1.0	0.0	-1.0	0.0	-1.0	0.0	-1.0	0.0	-1.0
119.0	30	-28.51	31.42	1	0.0	-1.0	0.0	-1.0	0.0	-1.0	0.0	-1.0	1.0	1.455	1.0	1.465	1.0	3.103	1.0	1.463	1.0	1.544
119.0	7	-1.11	23.09	1	0.0	-1.0	0.0	-1.0	0.0	-1.0	0.0	-1.0	0.0	-1.0	0.0	-1.0	0.0	-1.0	0.0	-1.0	0.0	-1.0
120.0	30	-28.51	31.42	1	0.0	-1.0	0.0	-1.0	0.0	-1.0	0.0	-1.0	1.0	1.455	1.0	1.465	1.0	3.103	1.0	1.463	1.0	1.544
120.0	7	-0.43	23.09	1	0.0	-1.0	0.0	-1.0	0.0	-1.0	0.0	-1.0	0.0	-1.0	0.0	-1.0	0.0	-1.0	0.0	-1.0	0.0	-1.0
121.0	30	-28.51	31.42	1	0.0	-1.0	0.0	-1.0	0.0	-1.0	0.0	-1.0	1.0	1.455	1.0	1.465	1.0	3.103	1.0	1.463	1.0	1.544
121.0	7	0.25	23.27	1	0.0	-1.0	0.0	-1.0	0.0	-1.0	0.0	-1.0	0.0	-1.0	0.0	-1.0	0.0	-1.0	0.0	-1.0	0.0	-1.0
122.0	30	-28.51	31.42	1	0.0	-1.0	0.0	-1.0	0.0	-1.0	0.0	-1.0	1.0	1.455	1.0	1.465	1.0	3.103	1.0	1.463	1.0	1.544
122.0	7	0.93	23.27	1	0.0	-1.0	0.0	-1.0	0.0	-1.0	0.0	-1.0	0.0	-1.0	0.0	-1.0	0.0	-1.0	0.0	-1.0	0.0	-1.0
123.0	7	1.59	23.27	1	0.0	-1.0	0.0	-1.0	0.0	-1.0	0.0	-1.0	0.0	-1.0	0.0	-1.0	0.0	-1.0	0.0	-1.0	0.0	-1.0
123.0	30	-28.51	31.42	1	0.0	-1.0	0.0	-1.0	0.0	-1.0	0.0	-1.0	1.0	1.455	1.0	1.465	1.0	3.103	1.0	1.463	1.0	1.544
124.0	30	-28.51	31.42	1	0.0	-1.0	0.0	-1.0	0.0	-1.0	0.0	-1.0	1.0	1.455	1.0	1.465	1.0	3.103	1.0	1.463	1.0	1.544
124.0	7	2.27	23.47	1	0.0	-1.0	0.0	-1.0	0.0	-1.0	0.0	-1.0	0.0	-1.0	0.0	-1.0	0.0	-1.0	0.0	-1.0	0.0	-1.0
125.0	32	-22.81	22.15	1	0.0	-1.0	0.0	-1.0	0.0	-1.0	0.0	-1.0	0.0	-1.0	0.0	-1.0	0.0	-1.0	0.0	-1.0	0.0	-1.0
125.0	7	2.77	23.47	1	0.0	-1.0	0.0	-1.0	0.0	-1.0	0.0	-1.0	0.0	-1.0	0.0	-1.0	0.0	-1.0	0.0	-1.0	0.0	-1.0
125.0	37	18.96	3.86	1	1.0	2.128	0.0	-1.0	0.0	-1.0	1.0	0.447	1.0	0.447	1.0	1.47	0.0	-1.0	1.0	0.454	1.0	1.665
125.0	30	-28.51	31.42	1	0.0	-1.0	0.0	-1.0	0.0	-1.0	0.0	-1.0	1.0	1.455	1.0	1.465	1.0	3.103	1.0	1.463	1.0	1.544
126.0	7	3.22	23.66	1	0.0	-1.0	0.0	-1.0	0.0	-1.0	0.0	-1.0	0.0	-1.0	0.0	-1.0	0.0	-1.0	0.0	-1.0	0.0	-1.0
126.0	30	-28.51	31.42	1	0.0	-1.0	0.0	-1.0	0.0	-1.0	0.0	-1.0	1.0	1.455	1.0	1.465	1.0	3.103	1.0	1.463	1.0	1.544
126.0	37	18.91	3.77	1	1.0	2.123	0.0	-1.0	0.0	-1.0	1.0	0.508	1.0	0.508	1.0	1.605	0.0	-1.0	1.0	0.518	1.0	1.702
126.0	32	-23.4	22.15	1	0.0	-1.0	0.0	-1.0	0.0	-1.0	0.0	-1.0	0.0	-1.0	0.0	-1.0	0.0	-1.0	0.0	-1.0	0.0	-1.0
127.0	30	-28.51	31.42	1	0.0	-1.0	0.0	-1.0	0.0	-1.0	0.0	-1.0	1.0	1.455	1.0	1.465	1.0	3.103	1.0	1.463	1.0	1.544
127.0	37	18.91	3.77	1	1.0	2.123	0.0	-1.0	0.0	-1.0	1.0	0.508	1.0	0.508	1.0	1.605	0.0	-1.0	1.0	0.518	1.0	1.702
127.0	32	-23.99	22.25	1	0.0	-1.0	0.0	-1.0	0.0	-1.0	0.0	-1.0	0.0	-1.0	0.0	-1.0	0.0	-1.0	0.0	-1.0	0.0	-1.0
127.0	7	3.7	23.93	1	0.0	-1.0	0.0	-1.0	0.0	-1.0	0.0	-1.0	0.0	-1.0	0.0	-1.0	0.0	-1.0	0.0	-1.0	0.0	-1.0
128.0	32	-24.63	22.15	1	0.0	-1.0	0.0	-1.0	0.0	-1.0	0.0	-1.0	0.0	-1.0	0.0	-1.0	0.0	-1.0	0.0	-1.0	0.0	-1.0
128.0	7	4.2	24.22	1	0.0	-1.0	0.0	-1.0	0.0	-1.0	0.0	-1.0	0.0	-1.0	0.0	-1.0	0.0	-1.0	0.0	-1.0	0.0	-1.0
128.0	37	18.91	3.68	1	0.0	-1.0	0.0	-1.0	0.0	-1.0	1.0	0.858	1.0	0.479	1.0	0.66	0.0	-1.0	1.0	0.498	1.0	1.614
129.0	7	5.08	24.41	1	0.0	-1.0	0.0	-1.0	0.0	-1.0	0.0	-1.0	0.0	-1.0	0.0	-1.0	0.0	-1.0	0.0	-1.0	0.0	-1.0
129.0	32	-25.27	22.15	1	0.0	-1.0	0.0	-1.0	0.0	-1.0	0.0	-1.0	0.0	-1.0	0.0	-1.0	0.0	-1.0	0.0	-1.0	0.0	-1.0
129.0	37	18.91	3.68	1	0.0	-1.0	0.0	-1.0	0.0	-1.0	1.0	0.858	1.0	0.479	1.0	0.66	0.0	-1.0	1.0	0.498	1.0	1.614
130.0	7	6.11	24.41	1	0.0	-1.0	0.0	-1.0	0.0	-1.0	0.0	-1.0	0.0	-1.0	0.0	-1.0	0.0	-1.0	0.0	-1.0	0.0	-1.0
130.0	32	-25.95	21.97	1	0.0	-1.0	0.0	-1.0	0.0	-1.0	0.0	-1.0	0.0	-1.0	0.0	-1.0	0.0	-1.0	0.0	-1.0	0.0	-1.0
130.0	37	18.91	3.68	1	0.0	-1.0	0.0	-1.0	0.0	-1.0	1.0	0.858	1.0	0.479	1.0	0.66	0.0	-1.0	1.0	0.498	1.0	1.614
131.0	7	7.11	24.41	1	0.0	-1.0	0.0	-1.0	0.0	-1.0	0.0	-1.0	0.0	-1.0	0.0	-1.0	0.0	-1.0	0.0	-1.0	0.0	-1.0
131.0	32	-26.63	21.97	1	0.0	-1.0	0.0	-1.0	0.0	-1.0	0.0	-1.0	0.0	-1.0	0.0	-1.0	0.0	-1.0	0.0	-1.0	0.0	-1.0
131.0	37	18.91	3.59	1	0.0	-1.0	0.0	-1.0	0.0	-1.0	1.0	1.018	1.0	0.488	1.0	0.888	0.0	-1.0	0.0	-1.0	1.0	1.616
132.0	7	7.95	24.41	1	0.0	-1.0	0.0	-1.0	0.0	-1.0	0.0	-1.0	0.0	-1.0	0.0	-1.0	0.0	-1.0	0.0	-1.0	1.0	4.655
132.0	32	-27.22	21.77	1	0.0	-1.0	0.0	-1.0	0.0	-1.0	0.0	-1.0	0.0	-1.0	0.0	-1.0	0.0	-1.0	0.0	-1.0	0.0	-1.0
132.0	37	18.91	3.59	1	0.0	-1.0	0.0	-1.0	0.0	-1.0	1.0	1.018	1.0	0.488	1.0	0.888	0.0	-1.0	0.0	-1.0	1.0	1.616
133.0	37	18.91	3.59	1	0.0	-1.0	0.0	-1.0	0.0	-1.0	1.0	1.018	1.0	0.488	1.0	0.888	0.0	-1.0	0.0	-1.0	1.0	1.616
133.0	7	8.38	24.95	1	0.0	-1.0	0.0	-1.0	0.0	-1.0	0.0	-1.0	0.0	-1.0	0.0	-1.0	0.0	-1.0	0.0	-1.0	1.0	3.857
133.0	32	-27.72	21.77	1	0.0	-1.0	0.0	-1.0	0.0	-1.0	0.0	-1.0	0.0	-1.0	0.0	-1.0	0.0	-1.0	0.0	-1.0	0.0	-1.0
134.0	37	18.91	3.5	1	0.0	-1.0	0.0	-1.0	0.0	-1.0	1.0	1.166	1.0	0.476	1.0	0.931	0.0	-1.0	0.0	-1.0	1.0	1.534
134.0	32	-28.22	21.77	1	0.0	-1.0	0.0	-1.0	0.0	-1.0	0.0	-1.0	0.0	-1.0	0.0	-1.0	0.0	-1.0	0.0	-1.0	0.0	-1.0
134.0	7	8.79	24.41	1	0.0	-1.0	0.0	-1.0	0.0	-1.0	0.0	-1.0	0.0	-1.0	0.0	-1.0	0.0	-1.0	0.0	-1.0	1.0	4.207
135.0	8	9.47	24.41	1	0.0	-1.0	0.0	-1.0	0.0	-1.0	0.0	-1.0	0.0	-1.0	0.0	-1.0	1.0	3.909	0.0	-1.0	0.0	-1.0
135.0	32	-28.81	21.77	1	0.0	-1.0	0.0	-1.0	0.0	-1.0	0.0	-1.0	0.0	-1.0	0.0	-1.0	0.0	-1.0	0.0	-1.0	0.0	-1.0
135.0	37	18.91	3.5	1	0.0	-1.0	0.0	-1.0	0.0	-1.0	1.0	1.166	1.0	0.476	1.0	0.931	0.0	-1.0	0.0	-1.0	1.0	1.534
136.0	8	9.97	23.66	1	0.0	-1.0	0.0	-1.0	0.0	-1.0	0.0	-1.0	0.0	-1.0	0.0	-1.0	1.0	4.443	0.0	-1.0	0.0	-1.0
136.0	37	18.82	3.5	1	1.0	2.03	0.0	-1.0	0.0	-1.0	1.0	0.705	1.0	0.547	1.0	1.319	0.0	-1.0	1.0	0.591	1.0	1.672
136.0	32	-29.49	21.97	1	0.0	-1.0	0.0	-1.0	0.0	-1.0	0.0	-1.0	0.0	-1.0	0.0	-1.0	0.0	-1.0	0.0	-1.0	0.0	-1.0
137.0	8	10.47	22.91	1	0.0	-1.0	0.0	-1.0	0.0	-1.0	0.0	-1.0	0.0	-1.0	0.0	-1.0	0.0	-1.0	0.0	-1.0	0.0	-1.0
137.0	37	18.82	3.5	1	1.0	2.03	0.0	-1.0	0.0	-1.0	1.0	0.705	1.0	0.547	1.0	1.319	0.0	-1.0	1.0	0.591	1.0	1.672
137.0	32	-30.17	22.15	1	0.0	-1.0	0.0	-1.0	0.0	-1.0	0.0	-1.0	0.0	-1.0	0.0	-1.0	0.0	-1.0	0.0	-1.0	0.0	-1.0
138.0	8	11.15	22.52	1	0.0	-1.0	0.0	-1.0	0.0	-1.0	0.0	-1.0	0.0	-1.0	0.0	-1.0	0.0	-1.0	0.0	-1.0	0.0	-1.0
138.0	37	18.82	3.5	1	1.0	2.03	0.0	-1.0	0.0	-1.0	1.0	0.705	1.0	0.547	1.0	1.319	0.0	-1.0	1.0	0.591	1.0	1.672
138.0	32	-30.71	21.77	1	0.0	-1.0	0.0	-1.0	0.0	-1.0	0.0	-1.0	0.0	-1.0	0.0	-1.0	0.0	-1.0	0.0	-1.0	0.0	-1.0
139.0	32	-31.08	21.02	1	0.0	-1.0	0.0	-1.0	0.0	-1.0	0.0	-1.0	0.0	-1.0	0.0	-1.0	0.0	-1.0	0.0	-1.0	0.0	-1.0
139.0	37	18.82	3.5	1	1.0	2.03	0.0	-1.0	0.0	-1.0	1.0	0.705	1.0	0.547	1.0	1.319	0.0	-1.0	1.0	0.591	1.0	1.672
139.0	8	11.99	22.34	1	0.0	-1.0	0.0	-1.0	0.0	-1.0	0.0	-1.0	0.0	-1.0	0.0	-1.0	0.0	-1.0	0.0	-1.0	0.0	-1.0
140.0	37	18.82	3.5	1	1.0	2.03	0.0	-1.0	0.0	-1.0	1.0	0.705	1.0	0.547	1.0	1.319	0.0	-1.0	1.0	0.591	1.0	1.672
140.0	8	12.83	22.14	1	0.0	-1.0	0.0	-1.0	0.0	-1.0	0.0	-1.0	0.0	-1.0	0.0	-1.0	0.0	-1.0	0.0	-1.0	0.0	-1.0
140.0	32	-31.46	20.27	1	0.0	-1.0	0.0	-1.0	0.0	-1.0	0.0	-1.0	0.0	-1.0	0.0	-1.0	0.0	-1.0	0.0	-1.0	0.0	-1.0
141.0	8	13.33	21.59	1	0.0	-1.0	0.0	-1.0	0.0	-1.0	0.0	-1.0	0.0	-1.0	0.0	-1.0	0.0	-1.0	0.0	-1.0	0.0	-1.0
141.0	37	18.77	3.5	1	1.0	2.215	0.0	-1.0	0.0	-1.0	1.0	0.632	1.0	0.631	1.0	1.875	0.0	-1.0	1.0	0.631	1.0	1.685
141.0	32	-31.46	20.07	1	0.0	-1.0	0.0	-1.0	0.0	-1.0	0.0	-1.0	0.0	-1.0	0.0	-1.0	0.0	-1.0	0.0	-1.0	0.0	-1.0
142.0	32	-31.46	20.07	1	0.0	-1.0	0.0	-1.0	0.0	-1.0	0.0	-1.0	0.0	-1.0	0.0	-1.0	0.0	-1.0	0.0	-1.0	0.0	-1.0
142.0	8	13.83	21.2	1	0.0	-1.0	0.0	-1.0	0.0	-1.0	0.0	-1.0	0.0	-1.0	0.0	-1.0	0.0	-1.0	0.0	-1.0	0.0	-1.0
142.0	37	18.77	3.5	1	1.0	2.215	0.0	-1.0	0.0	-1.0	1.0	0.632	1.0	0.631	1.0	1.875	0.0	-1.0	1.0	0.631	1.0	1.685
143.0	8	14.33	20.84	1	0.0	-1.0	0.0	-1.0	0.0	-1.0	0.0	-1.0	0.0	-1.0	0.0	-1.0	0.0	-1.0	0.0	-1.0	0.0	-1.0
143.0	37	18.77	3.5	1	1.0	2.215	0.0	-1.0	0.0	-1.0	1.0	0.632	1.0	0.631	1.0	1.875	0.0	-1.0	1.0	0.631	1.0	1.685
143.0	32	-31.46	19.88	1	0.0	-1.0	0.0	-1.0	0.0	-1.0	0.0	-1.0	0.0	-1.0	0.0	-1.0	0.0	-1.0	0.0	-1.0	0.0	-1.0
144.0	8	14.85	20.84	1	0.0	-1.0	0.0	-1.0	0.0	-1.0	0.0	-1.0	0.0	-1.0	0.0	-1.0	0.0	-1.0	0.0	-1.0	1.0	4.71
144.0	32	-31.46	19.88	1	0.0	-1.0	0.0	-1.0	0.0	-1.0	0.0	-1.0	0.0	-1.0	0.0	-1.0	0.0	-1.0	0.0	-1.0	0.0	-1.0
144.0	37	18.77	3.5	1	1.0	2.215	0.0	-1.0	0.0	-1.0	1.0	0.632	1.0	0.631	1.0	1.875	0.0	-1.0	1.0	0.631	1.0	1.685
145.0	8	15.35	20.84	1	0.0	-1.0	0.0	-1.0	0.0	-1.0	0.0	-1.0	0.0	-1.0	0.0	-1.0	0.0	-1.0	0.0	-1.0	1.0	4.218
145.0	38	18.77	3.5	1	0.0	-1.0	0.0	-1.0	0.0	-1.0	0.0	-1.0	0.0	-1.0	0.0	-1.0	0.0	-1.0	0.0	-1.0	0.0	-1.0
146.0	8	15.85	20.84	1	0.0	-1.0	0.0	-1.0	0.0	-1.0	0.0	-1.0	0.0	-1.0	1.0	3.88	0.0	-1.0	0.0	-1.0	1.0	3.749
146.0	38	18.68	3.5	1	0.0	-1.0	0.0	-1.0	0.0	-1.0	0.0	-1.0	0.0	-1.0	0.0	-1.0	0.0	-1.0	0.0	-1.0	0.0	-1.0
147.0	8	16.37	20.84	1	0.0	-1.0	0.0	-1.0	0.0	-1.0	0.0	-1.0	0.0	-1.0	1.0	3.205	0.0	-1.0	0.0	-1.0	1.0	3.197
147.0	38	18.68	3.5	1	0.0	-1.0	0.0	-1.0	0.0	-1.0	0.0	-1.0	0.0	-1.0	0.0	-1.0	0.0	-1.0	0.0	-1.0	0.0	-1.0
148.0	8	16.96	20.64	1	0.0	-1.0	0.0	-1.0	1.0	3.873	0.0	-1.0	0.0	-1.0	1.0	2.595	0.0	-1.0	1.0	3.157	1.0	2.605
148.0	38	18.68	3.5	1	0.0	-1.0	0.0	-1.0	0.0	-1.0	0.0	-1.0	0.0	-1.0	0.0	-1.0	0.0	-1.0	0.0	-1.0	0.0	-1.0
149.0	8	17.62	20.46	1	0.0	-1.0	0.0	-1.0	1.0	2.724	0.0	-1.0	1.0	2.029	1.0	1.983	0.0	-1.0	1.0	2.104	1.0	1.994
149.0	38	18.68	3.5	1	0.0	-1.0	0.0	-1.0	0.0	-1.0	0.0	-1.0	0.0	-1.0	0.0	-1.0	0.0	-1.0	0.0	-1.0	0.0	-1.0
150.0	8	18.37	20.27	1	0.0	-1.0	0.0	-1.0	1.0	1.765	0.0	-1.0	1.0	1.217	1.0	1.19	0.0	-1.0	1.0	1.413	1.0	1.674
150.0	38	18.68	3.5	1	0.0	-1.0	0.0	-1.0	0.0	-1.0	0.0	-1.0	0.0	-1.0	0.0	-1.0	0.0	-1.0	0.0	-1.0	0.0	-1.0
151.0	8	19.05	20.09	1	0.0	-1.0	1.0	1.614	1.0	1.828	0.0	-1.0	1.0	0.524	1.0	0.521	1.0	2.238	1.0	0.56	0.0	-1.0
151.0	38	18.59	3.5	1	0.0	-1.0	0.0	-1.0	0.0	-1.0	0.0	-1.0	0.0	-1.0	0.0	-1.0	0.0	-1.0	0.0	-1.0	0.0	-1.0
152.0	38	18.59	3.5	1	0.0	-1.0	0.0	-1.0	0.0	-1.0	0.0	-1.0	0.0	-1.0	0.0	-1.0	0.0	-1.0	0.0	-1.0	0.0	-1.0
152.0	8	19.89	19.91	4	0.0	-1.0	1.0	0.351	1.0	1.989	1.0	0.316	1.0	0.298	0.0	-1.0	1.0	1.708	1.0	0.954	0.0	-1.0
153.0	38	18.59	3.5	1	0.0	-1.0	0.0	-1.0	0.0	-1.0	0.0	-1.0	0.0	-1.0	0.0	-1.0	0.0	-1.0	0.0	-1.0	0.0	-1.0
153.0	8	20.64	19.91	4	1.0	2.131	1.0	1.182	0.0	-1.0	1.0	1.043	1.0	1.046	0.0	-1.0	1.0	1.666	1.0	2.667	0.0	-1.0
154.0	38	18.59	3.5	1	0.0	-1.0	0.0	-1.0	0.0	-1.0	0.0	-1.0	0.0	-1.0	0.0	-1.0	0.0	-1.0	0.0	-1.0	0.0	-1.0
154.0	8	21.07	19.53	4	1.0	1.691	1.0	1.692	0.0	-1.0	1.0	1.498	1.0	1.504	0.0	-1.0	1.0	1.996	0.0	-1.0	0.0	-1.0
155.0	38	18.59	3.5	1	0.0	-1.0	0.0	-1.0	0.0	-1.0	0.0	-1.0	0.0	-1.0	0.0	-1.0	0.0	-1.0	0.0	-1.0	0.0	-1.0
155.0	9	21.73	19.34	4	1.0	2.789	1.0	2.207	1.0	2.409	0.0	-1.0	0.0	-1.0	0.0	-1.0	0.0	-1.0	0.0	-1.0	0.0	-1.0
156.0	38	18.5	3.5	1	0.0	-1.0	0.0	-1.0	0.0	-1.0	0.0	-1.0	0.0	-1.0	0.0	-1.0	0.0	-1.0	0.0	-1.0	0.0	-1.0
156.0	9	21.73	19.25	4	1.0	2.848	1.0	2.188	1.0	2.409	0.0	-1.0	0.0	-1.0	0.0	-1.0	0.0	-1.0	0.0	-1.0	0.0	-1.0
157.0	38	18.5	3.5	1	0.0	-1.0	0.0	-1.0	0.0	-1.0	0.0	-1.0	0.0	-1.0	0.0	-1.0	0.0	-1.0	0.0	-1.0	0.0	-1.0
157.0	9	21.73	19.15	4	1.0	2.439	1.0	2.158	1.0	3.443	0.0	-1.0	0.0	-1.0	0.0	-1.0	0.0	-1.0	0.0	-1.0	0.0	-1.0
158.0	38	18.41	3.5	1	0.0	-1.0	0.0	-1.0	0.0	-1.0	0.0	-1.0	0.0	-1.0	0.0	-1.0	0.0	-1.0	0.0	-1.0	0.0	-1.0
158.0	9	21.72	19.05	4	1.0	2.435	1.0	2.178	1.0	3.145	0.0	-1.0	0.0	-1.0	0.0	-1.0	0.0	-1.0	0.0	-1.0	0.0	-1.0
159.0	9	21.72	18.95	4	1.0	2.433	1.0	2.203	1.0	2.863	0.0	-1.0	0.0	-1.0	0.0	-1.0	0.0	-1.0	0.0	-1.0	0.0	-1.0
159.0	38	18.41	3.5	1	0.0	-1.0	0.0	-1.0	0.0	-1.0	0.0	-1.0	0.0	-1.0	0.0	-1.0	0.0	-1.0	0.0	-1.0	0.0	-1.0
160.0	9	21.72	18.86	4	1.0	3.107	1.0	2.154	1.0	2.429	0.0	-1.0	0.0	-1.0	0.0	-1.0	0.0	-1.0	0.0	-1.0	0.0	-1.0
160.0	38	18.32	3.5	1	0.0	-1.0	0.0	-1.0	0.0	-1.0	0.0	-1.0	0.0	-1.0	0.0	-1.0	0.0	-1.0	0.0	-1.0	0.0	-1.0
161.0	9	21.72	18.76	4	1.0	2.435	1.0	2.238	1.0	2.957	0.0	-1.0	0.0	-1.0	0.0	-1.0	0.0	-1.0	0.0	-1.0	0.0	-1.0
161.0	38	18.32	3.5	1	0.0	-1.0	0.0	-1.0	0.0	-1.0	0.0	-1.0	0.0	-1.0	0.0	-1.0	0.0	-1.0	0.0	-1.0	0.0	-1.0
162.0	9	21.72	18.66	4	1.0	2.434	1.0	2.236	1.0	2.693	0.0	-1.0	0.0	-1.0	0.0	-1.0	0.0	-1.0	0.0	-1.0	0.0	-1.0
162.0	38	18.32	3.5	1	0.0	-1.0	0.0	-1.0	0.0	-1.0	0.0	-1.0	0.0	-1.0	0.0	-1.0	0.0	-1.0	0.0	-1.0	0.0	-1.0
163.0	38	18.32	3.5	1	0.0	-1.0	0.0	-1.0	0.0	-1.0	0.0	-1.0	0.0	-1.0	0.0	-1.0	0.0	-1.0	0.0	-1.0	0.0	-1.0
163.0	9	21.72	18.56	4	1.0	2.433	1.0	2.268	1.0	2.639	0.0	-1.0	0.0	-1.0	0.0	-1.0	0.0	-1.0	0.0	-1.0	0.0	-1.0
164.0	9	21.72	18.47	4	1.0	2.435	1.0	2.304	1.0	2.756	0.0	-1.0	0.0	-1.0	0.0	-1.0	0.0	-1.0	0.0	-1.0	0.0	-1.0
164.0	10	-21.32	20.54	1	0.0	-1.0	0.0	-1.0	0.0	-1.0	0.0	-1.0	0.0	-1.0	0.0	-1.0	0.0	-1.0	0.0	-1.0	0.0	-1.0
164.0	38	18.32	3.5	1	0.0	-1.0	0.0	-1.0	0.0	-1.0	0.0	-1.0	0.0	-1.0	0.0	-1.0	0.0	-1.0	0.0	-1.0	0.0	-1.0
165.0	9	21.72	18.37	4	1.0	2.434	1.0	2.342	1.0	2.54	0.0	-1.0	0.0	-1.0	0.0	-1.0	0.0	-1.0	0.0	-1.0	0.0	-1.0
165.0	10	-21.0	20.72	1	0.0	-1.0	0.0	-1.0	0.0	-1.0	0.0	-1.0	0.0	-1.0	0.0	-1.0	0.0	-1.0	0.0	-1.0	0.0	-1.0
166.0	9	21.71	18.27	4	1.0	2.434	1.0	2.405	1.0	2.471	0.0	-1.0	0.0	-1.0	0.0	-1.0	0.0	-1.0	0.0	-1.0	0.0	-1.0
166.0	10	-20.07	21.68	1	0.0	-1.0	0.0	-1.0	0.0	-1.0	0.0	-1.0	0.0	-1.0	0.0	-1.0	0.0	-1.0	0.0	-1.0	0.0	-1.0
167.0	9	21.71	18.17	4	1.0	2.439	1.0	2.417	1.0	2.428	0.0	-1.0	0.0	-1.0	0.0	-1.0	0.0	-1.0	0.0	-1.0	0.0	-1.0
167.0	10	-20.41	21.22	1	0.0	-1.0	0.0	-1.0	0.0	-1.0	0.0	-1.0	0.0	-1.0	0.0	-1.0	0.0	-1.0	0.0	-1.0	0.0	-1.0
168.0	10	-20.05	21.02	1	0.0	-1.0	0.0	-1.0	0.0	-1.0	0.0	-1.0	0.0	-1.0	0.0	-1.0	0.0	-1.0	0.0	-1.0	0.0	-1.0
168.0	9	21.71	18.08	4	1.0	2.488	1.0	2.378	1.0	2.533	0.0	-1.0	0.0	-1.0	0.0	-1.0	0.0	-1.0	0.0	-1.0	0.0	-1.0
169.0	10	-19.64	20.75	1	0.0	-1.0	0.0	-1.0	0.0	-1.0	0.0	-1.0	0.0	-1.0	0.0	-1.0	0.0	-1.0	0.0	-1.0	0.0	-1.0
169.0	9	21.71	17.98	4	1.0	2.538	1.0	2.34	1.0	2.489	0.0	-1.0	0.0	-1.0	0.0	-1.0	0.0	-1.0	0.0	-1.0	0.0	-1.0
170.0	9	21.71	17.88	4	1.0	2.59	1.0	2.306	1.0	2.469	0.0	-1.0	0.0	-1.0	0.0	-1.0	0.0	-1.0	0.0	-1.0	0.0	-1.0
170.0	10	-19.32	20.66	1	0.0	-1.0	0.0	-1.0	0.0	-1.0	0.0	-1.0	0.0	-1.0	0.0	-1.0	0.0	-1.0	0.0	-1.0	0.0	-1.0
171.0	9	21.71	17.79	4	1.0	2.645	1.0	2.275	1.0	2.469	0.0	-1.0	0.0	-1.0	0.0	-1.0	0.0	-1.0	0.0	-1.0	0.0	-1.0
171.0	10	-19.11	20.16	1	0.0	-1.0	0.0	-1.0	0.0	-1.0	0.0	-1.0	0.0	-1.0	0.0	-1.0	0.0	-1.0	0.0	-1.0	0.0	-1.0
172.0	9	21.71	17.69	4	1.0	2.701	1.0	2.247	1.0	2.469	0.0	-1.0	0.0	-1.0	0.0	-1.0	0.0	-1.0	0.0	-1.0	0.0	-1.0
172.0	10	-19.3	21.31	1	0.0	-1.0	0.0	-1.0	0.0	-1.0	0.0	-1.0	0.0	-1.0	0.0	-1.0	0.0	-1.0	0.0	-1.0	0.0	-1.0
173.0	9	21.71	17.59	4	1.0	2.789	1.0	2.211	1.0	2.449	0.0	-1.0	0.0	-1.0	0.0	-1.0	0.0	-1.0	0.0	-1.0	0.0	-1.0
173.0	10	-18.48	20.09	1	0.0	-1.0	0.0	-1.0	0.0	-1.0	0.0	-1.0	0.0	-1.0	0.0	-1.0	0.0	-1.0	0.0	-1.0	0.0	-1.0
174.0	9	21.36	17.55	4	1.0	2.138	1.0	1.794	1.0	1.772	0.0	-1.0	0.0	-1.0	1.0	2.138	0.0	-1.0	0.0	-1.0	0.0	-1.0
174.0	10	-17.98	19.61	1	0.0	-1.0	0.0	-1.0	0.0	-1.0	0.0	-1.0	0.0	-1.0	0.0	-1.0	0.0	-1.0	0.0	-1.0	0.0	-1.0
175.0	10	-17.75	19.61	1	0.0	-1.0	0.0	-1.0	0.0	-1.0	0.0	-1.0	0.0	-1.0	0.0	-1.0	0.0	-1.0	0.0	-1.0	0.0	-1.0
176.0	10	-17.5	19.07	1	0.0	-1.0	0.0	-1.0	0.0	-1.0	0.0	-1.0	0.0	-1.0	0.0	-1.0	0.0	-1.0	0.0	-1.0	0.0	-1.0
177.0	10	-17.39	19.25	1	0.0	-1.0	0.0	-1.0	0.0	-1.0	0.0	-1.0	0.0	-1.0	0.0	-1.0	0.0	-1.0	0.0	-1.0	0.0	-1.0
178.0	10	-17.12	18.68	1	0.0	-1.0	0.0	-1.0	0.0	-1.0	0.0	-1.0	0.0	-1.0	0.0	-1.0	0.0	-1.0	0.0	-1.0	0.0	-1.0
179.0	10	-16.96	17.75	1	0.0	-1.0	0.0	-1.0	0.0	-1.0	0.0	-1.0	0.0	-1.0	0.0	-1.0	0.0	-1.0	0.0	-1.0	0.0	-1.0
180.0	10	-16.75	17.27	1	0.0	-1.0	0.0	-1.0	0.0	-1.0	0.0	-1.0	0.0	-1.0	0.0	-1.0	0.0	-1.0	0.0	-1.0	0.0	-1.0
181.0	10	-16.53	18.0	1	0.0	-1.0	0.0	-1.0	0.0	-1.0	0.0	-1.0	0.0	-1.0	0.0	-1.0	0.0	-1.0	0.0	-1.0	0.0	-1.0
182.0	10	-16.37	17.55	1	0.0	-1.0	0.0	-1.0	0.0	-1.0	0.0	-1.0	0.0	-1.0	0.0	-1.0	0.0	-1.0	0.0	-1.0	0.0	-1.0
183.0	10	-16.16	15.96	1	0.0	-1.0	0.0	-1.0	0.0	-1.0	0.0	-1.0	0.0	-1.0	0.0	-1.0	0.0	-1.0	0.0	-1.0	0.0	-1.0
