2.0	18	20.58	32.05	1	0.0	-1.0	0.0	-1.0	0.0	-1.0	0.0	-1.0	0.0	-1.0	0.0	-1.0	0.0	-1.0	0.0	-1.0	0.0	-1.0
3.0	18	20.37	30.85	1	0.0	-1.0	0.0	-1.0	0.0	-1.0	0.0	-1.0	0.0	-1.0	0.0	-1.0	0.0	-1.0	0.0	-1.0	0.0	-1.0
4.0	18	20.34	30.2	1	0.0	-1.0	0.0	-1.0	0.0	-1.0	0.0	-1.0	0.0	-1.0	0.0	-1.0	0.0	-1.0	0.0	-1.0	0.0	-1.0
5.0	18	20.34	29.62	1	0.0	-1.0	0.0	-1.0	0.0	-1.0	0.0	-1.0	0.0	-1.0	0.0	-1.0	0.0	-1.0	0.0	-1.0	0.0	-1.0
6.0	18	20.3	28.91	1	0.0	-1.0	0.0	-1.0	0.0	-1.0	0.0	-1.0	0.0	-1.0	0.0	-1.0	0.0	-1.0	0.0	-1.0	0.0	-1.0
7.0	18	20.3	28.33	1	0.0	-1.0	0.0	-1.0	0.0	-1.0	0.0	-1.0	0.0	-1.0	0.0	-1.0	0.0	-1.0	0.0	-1.0	0.0	-1.0
8.0	18	20.29	27.77	1	0.0	-1.0	0.0	-1.0	0.0	-1.0	0.0	-1.0	0.0	-1.0	0.0	-1.0	0.0	-1.0	0.0	-1.0	0.0	-1.0
9.0	18	20.25	27.12	1	0.0	-1.0	0.0	-1.0	0.0	-1.0	0.0	-1.0	0.0	-1.0	0.0	-1.0	0.0	-1.0	0.0	-1.0	0.0	-1.0
9.0	20	-15.73	11.76	1	0.0	-1.0	1.0	2.26	1.0	2.416	0.0	-1.0	0.0	-1.0	0.0	-1.0	1.0	2.021	1.0	1.849	1.0	2.1
10.0	20	-16.11	11.76	1	0.0	-1.0	1.0	2.26	1.0	2.384	0.0	-1.0	0.0	-1.0	0.0	-1.0	1.0	2.052	1.0	1.883	1.0	2.1
10.0	21	20.29	32.99	1	1.0	3.487	0.0	-1.0	0.0	-1.0	0.0	-1.0	0.0	-1.0	0.0	-1.0	0.0	-1.0	0.0	-1.0	0.0	-1.0
10.0	18	20.25	26.55	1	0.0	-1.0	0.0	-1.0	0.0	-1.0	0.0	-1.0	0.0	-1.0	0.0	-1.0	0.0	-1.0	0.0	-1.0	0.0	-1.0
11.0	18	20.25	25.97	1	0.0	-1.0	0.0	-1.0	0.0	-1.0	0.0	-1.0	0.0	-1.0	0.0	-1.0	0.0	-1.0	0.0	-1.0	0.0	-1.0
11.0	21	20.01	31.86	1	0.0	-1.0	0.0	-1.0	0.0	-1.0	0.0	-1.0	0.0	-1.0	0.0	-1.0	0.0	-1.0	0.0	-1.0	0.0	-1.0
11.0	20	-16.49	11.91	1	1.0	2.255	1.0	2.085	1.0	2.106	0.0	-1.0	0.0	-1.0	0.0	-1.0	1.0	2.05	1.0	2.04	1.0	2.179
12.0	21	19.84	30.7	1	0.0	-1.0	0.0	-1.0	0.0	-1.0	0.0	-1.0	0.0	-1.0	0.0	-1.0	0.0	-1.0	0.0	-1.0	0.0	-1.0
12.0	20	-16.86	11.91	1	1.0	2.261	1.0	2.064	1.0	2.139	0.0	-1.0	0.0	-1.0	0.0	-1.0	1.0	2.09	1.0	2.068	1.0	2.248
12.0	18	20.29	25.39	1	0.0	-1.0	0.0	-1.0	0.0	-1.0	0.0	-1.0	0.0	-1.0	0.0	-1.0	0.0	-1.0	0.0	-1.0	0.0	-1.0
13.0	20	-17.24	12.05	1	1.0	2.127	1.0	1.933	1.0	1.938	0.0	-1.0	0.0	-1.0	0.0	-1.0	1.0	2.244	1.0	2.193	1.0	2.402
13.0	18	20.32	24.96	1	0.0	-1.0	0.0	-1.0	0.0	-1.0	0.0	-1.0	0.0	-1.0	0.0	-1.0	0.0	-1.0	0.0	-1.0	0.0	-1.0
13.0	21	19.64	29.57	1	0.0	-1.0	0.0	-1.0	0.0	-1.0	0.0	-1.0	0.0	-1.0	0.0	-1.0	0.0	-1.0	0.0	-1.0	0.0	-1.0
14.0	21	19.46	28.4	1	0.0	-1.0	0.0	-1.0	0.0	-1.0	0.0	-1.0	0.0	-1.0	0.0	-1.0	0.0	-1.0	0.0	-1.0	0.0	-1.0
14.0	20	-17.62	12.21	1	1.0	1.968	1.0	1.737	1.0	1.751	0.0	-1.0	0.0	-1.0	1.0	1.953	1.0	2.39	1.0	2.376	1.0	3.507
14.0	18	20.37	24.4	1	0.0	-1.0	0.0	-1.0	0.0	-1.0	0.0	-1.0	0.0	-1.0	0.0	-1.0	0.0	-1.0	0.0	-1.0	0.0	-1.0
15.0	21	19.23	27.41	1	0.0	-1.0	0.0	-1.0	0.0	-1.0	0.0	-1.0	0.0	-1.0	0.0	-1.0	0.0	-1.0	0.0	-1.0	0.0	-1.0
15.0	18	20.41	23.81	1	0.0	-1.0	0.0	-1.0	0.0	-1.0	0.0	-1.0	0.0	-1.0	0.0	-1.0	0.0	-1.0	0.0	-1.0	0.0	-1.0
15.0	20	-17.75	12.21	1	1.0	1.958	1.0	1.744	1.0	1.747	0.0	-1.0	0.0	-1.0	0.0	-1.0	1.0	2.403	1.0	2.382	1.0	3.408
16.0	21	19.02	26.26	1	0.0	-1.0	0.0	-1.0	0.0	-1.0	0.0	-1.0	0.0	-1.0	0.0	-1.0	0.0	-1.0	0.0	-1.0	0.0	-1.0
16.0	18	20.41	23.39	1	0.0	-1.0	0.0	-1.0	0.0	-1.0	0.0	-1.0	0.0	-1.0	0.0	-1.0	0.0	-1.0	0.0	-1.0	0.0	-1.0
16.0	20	-17.8	12.34	1	1.0	1.845	1.0	1.609	1.0	1.613	0.0	-1.0	0.0	-1.0	1.0	1.783	1.0	2.537	1.0	2.533	0.0	-1.0
17.0	21	18.81	25.11	1	0.0	-1.0	0.0	-1.0	0.0	-1.0	0.0	-1.0	0.0	-1.0	0.0	-1.0	0.0	-1.0	0.0	-1.0	0.0	-1.0
17.0	20	-17.87	12.34	1	1.0	1.812	1.0	1.597	1.0	1.607	0.0	-1.0	0.0	-1.0	1.0	1.791	1.0	2.519	1.0	2.533	0.0	-1.0
17.0	18	20.41	22.82	1	0.0	-1.0	0.0	-1.0	0.0	-1.0	0.0	-1.0	0.0	-1.0	0.0	-1.0	0.0	-1.0	0.0	-1.0	0.0	-1.0
18.0	21	18.78	24.26	1	0.0	-1.0	0.0	-1.0	0.0	-1.0	0.0	-1.0	0.0	-1.0	0.0	-1.0	0.0	-1.0	0.0	-1.0	0.0	-1.0
18.0	18	20.37	22.24	1	0.0	-1.0	0.0	-1.0	0.0	-1.0	0.0	-1.0	0.0	-1.0	0.0	-1.0	0.0	-1.0	0.0	-1.0	0.0	-1.0
18.0	20	-17.92	12.48	1	1.0	1.706	1.0	1.454	1.0	1.471	0.0	-1.0	1.0	1.692	1.0	1.605	1.0	2.66	1.0	2.671	0.0	-1.0
19.0	21	18.78	23.25	1	0.0	-1.0	0.0	-1.0	0.0	-1.0	0.0	-1.0	0.0	-1.0	0.0	-1.0	0.0	-1.0	0.0	-1.0	0.0	-1.0
19.0	18	20.37	21.66	1	0.0	-1.0	0.0	-1.0	0.0	-1.0	0.0	-1.0	0.0	-1.0	0.0	-1.0	0.0	-1.0	0.0	-1.0	0.0	-1.0
19.0	20	-17.99	12.63	1	1.0	1.554	1.0	1.32	1.0	1.308	0.0	-1.0	1.0	1.332	1.0	1.437	1.0	2.828	1.0	2.912	0.0	-1.0
20.0	18	20.41	21.23	1	0.0	-1.0	0.0	-1.0	0.0	-1.0	0.0	-1.0	0.0	-1.0	0.0	-1.0	0.0	-1.0	0.0	-1.0	0.0	-1.0
20.0	21	18.78	22.38	1	0.0	-1.0	0.0	-1.0	0.0	-1.0	0.0	-1.0	0.0	-1.0	0.0	-1.0	0.0	-1.0	0.0	-1.0	0.0	-1.0
20.0	20	-18.06	12.63	1	1.0	1.579	1.0	1.323	1.0	1.331	0.0	-1.0	1.0	1.303	1.0	1.411	1.0	2.813	1.0	2.894	0.0	-1.0
21.0	21	18.78	21.52	1	0.0	-1.0	0.0	-1.0	0.0	-1.0	0.0	-1.0	0.0	-1.0	0.0	-1.0	0.0	-1.0	0.0	-1.0	0.0	-1.0
21.0	20	-18.13	12.77	1	1.0	1.473	1.0	1.169	1.0	1.237	0.0	-1.0	1.0	1.174	1.0	1.272	1.0	2.949	1.0	3.2	0.0	-1.0
21.0	18	20.44	20.95	1	0.0	-1.0	0.0	-1.0	0.0	-1.0	0.0	-1.0	0.0	-1.0	0.0	-1.0	0.0	-1.0	0.0	-1.0	0.0	-1.0
22.0	20	-18.18	12.77	1	1.0	1.475	1.0	1.172	1.0	1.24	0.0	-1.0	1.0	1.186	1.0	1.254	1.0	2.962	1.0	3.202	0.0	-1.0
22.0	21	18.64	20.66	1	0.0	-1.0	0.0	-1.0	0.0	-1.0	0.0	-1.0	0.0	-1.0	0.0	-1.0	0.0	-1.0	0.0	-1.0	0.0	-1.0
23.0	20	-18.25	12.93	1	1.0	1.362	1.0	1.035	1.0	1.257	0.0	-1.0	1.0	1.022	1.0	1.078	1.0	3.098	0.0	-1.0	0.0	-1.0
23.0	21	18.03	20.08	1	0.0	-1.0	0.0	-1.0	0.0	-1.0	0.0	-1.0	0.0	-1.0	1.0	2.681	0.0	-1.0	0.0	-1.0	0.0	-1.0
24.0	20	-18.3	13.06	1	1.0	1.296	1.0	0.862	1.0	1.227	0.0	-1.0	1.0	0.886	1.0	0.918	1.0	3.243	0.0	-1.0	1.0	1.942
24.0	21	17.38	19.52	1	0.0	-1.0	0.0	-1.0	1.0	2.256	0.0	-1.0	0.0	-1.0	1.0	1.997	0.0	-1.0	0.0	-1.0	0.0	-1.0
25.0	20	-18.37	13.06	1	1.0	1.281	1.0	0.884	1.0	1.238	0.0	-1.0	1.0	0.875	1.0	0.929	1.0	3.241	0.0	-1.0	1.0	1.935
25.0	21	16.76	18.93	1	0.0	-1.0	0.0	-1.0	1.0	1.909	0.0	-1.0	0.0	-1.0	1.0	1.504	0.0	-1.0	0.0	-1.0	1.0	1.49
26.0	21	15.73	18.51	1	0.0	-1.0	0.0	-1.0	0.0	-1.0	0.0	-1.0	0.0	-1.0	1.0	1.363	0.0	-1.0	1.0	1.403	1.0	1.35
26.0	20	-18.37	13.2	1	1.0	1.242	1.0	0.748	1.0	1.221	0.0	-1.0	1.0	0.745	1.0	0.75	1.0	3.393	0.0	-1.0	1.0	1.85
27.0	20	-18.37	13.2	1	1.0	1.242	1.0	0.748	1.0	1.221	0.0	-1.0	1.0	0.745	1.0	0.75	1.0	3.393	0.0	-1.0	1.0	1.85
27.0	21	14.23	18.23	1	0.0	-1.0	0.0	-1.0	0.0	-1.0	0.0	-1.0	0.0	-1.0	0.0	-1.0	0.0	-1.0	1.0	1.662	1.0	1.691
28.0	2	-6.23	49.05	1	1.0	1.971	1.0	1.965	1.0	2.606	0.0	-1.0	0.0	-1.0	0.0	-1.0	0.0	-1.0	0.0	-1.0	1.0	2.989
28.0	21	13.17	18.08	1	0.0	-1.0	0.0	-1.0	0.0	-1.0	0.0	-1.0	0.0	-1.0	0.0	-1.0	0.0	-1.0	1.0	2.479	1.0	2.882
28.0	20	-18.37	13.2	1	1.0	1.242	1.0	0.748	1.0	1.221	0.0	-1.0	1.0	0.745	1.0	0.75	1.0	3.393	0.0	-1.0	1.0	1.85
29.0	21	12.34	18.08	1	0.0	-1.0	0.0	-1.0	0.0	-1.0	0.0	-1.0	0.0	-1.0	0.0	-1.0	0.0	-1.0	1.0	3.194	0.0	-1.0
29.0	2	-6.16	48.21	1	1.0	2.312	1.0	2.314	0.0	-1.0	0.0	-1.0	0.0	-1.0	0.0	-1.0	0.0	-1.0	1.0	2.934	1.0	2.916
30.0	22	11.45	17.94	1	0.0	-1.0	0.0	-1.0	0.0	-1.0	0.0	-1.0	0.0	-1.0	0.0	-1.0	0.0	-1.0	0.0	-1.0	0.0	-1.0
30.0	2	-6.11	47.63	1	1.0	2.554	1.0	2.539	0.0	-1.0	0.0	-1.0	0.0	-1.0	0.0	-1.0	0.0	-1.0	1.0	2.898	1.0	2.931
31.0	2	-6.04	47.06	1	1.0	2.792	0.0	-1.0	0.0	-1.0	0.0	-1.0	0.0	-1.0	0.0	-1.0	1.0	3.781	1.0	2.739	1.0	2.897
31.0	22	10.63	17.94	1	0.0	-1.0	0.0	-1.0	0.0	-1.0	0.0	-1.0	0.0	-1.0	0.0	-1.0	0.0	-1.0	0.0	-1.0	0.0	-1.0
32.0	2	-5.92	46.48	1	1.0	3.088	0.0	-1.0	0.0	-1.0	0.0	-1.0	0.0	-1.0	0.0	-1.0	1.0	3.248	1.0	2.664	1.0	2.808
32.0	22	9.74	17.94	1	0.0	-1.0	0.0	-1.0	0.0	-1.0	0.0	-1.0	0.0	-1.0	0.0	-1.0	0.0	-1.0	0.0	-1.0	0.0	-1.0
33.0	2	-5.85	45.9	1	1.0	3.494	0.0	-1.0	0.0	-1.0	0.0	-1.0	0.0	-1.0	0.0	-1.0	1.0	3.106	1.0	2.62	1.0	2.738
33.0	22	8.92	17.79	1	0.0	-1.0	0.0	-1.0	0.0	-1.0	0.0	-1.0	0.0	-1.0	0.0	-1.0	0.0	-1.0	1.0	1.542	1.0	1.753
34.0	2	-5.74	45.33	1	0.0	-1.0	0.0	-1.0	0.0	-1.0	0.0	-1.0	0.0	-1.0	0.0	-1.0	1.0	2.823	1.0	2.533	1.0	2.644
34.0	22	8.06	17.79	1	0.0	-1.0	0.0	-1.0	0.0	-1.0	0.0	-1.0	0.0	-1.0	0.0	-1.0	0.0	-1.0	1.0	1.505	1.0	1.829
35.0	22	7.24	17.79	1	0.0	-1.0	0.0	-1.0	0.0	-1.0	0.0	-1.0	0.0	-1.0	0.0	-1.0	1.0	1.82	1.0	1.569	1.0	2.268
35.0	2	-5.67	44.77	1	0.0	-1.0	0.0	-1.0	0.0	-1.0	0.0	-1.0	0.0	-1.0	0.0	-1.0	1.0	2.707	1.0	2.498	1.0	2.606
36.0	2	-5.55	44.19	1	0.0	-1.0	0.0	-1.0	0.0	-1.0	0.0	-1.0	0.0	-1.0	0.0	-1.0	1.0	2.532	1.0	2.408	1.0	2.497
36.0	22	6.35	17.65	1	0.0	-1.0	0.0	-1.0	0.0	-1.0	0.0	-1.0	0.0	-1.0	0.0	-1.0	1.0	1.849	1.0	1.514	0.0	-1.0
37.0	22	5.46	17.65	1	0.0	-1.0	0.0	-1.0	0.0	-1.0	0.0	-1.0	0.0	-1.0	0.0	-1.0	1.0	1.763	1.0	1.792	0.0	-1.0
37.0	2	-5.48	43.6	1	0.0	-1.0	0.0	-1.0	0.0	-1.0	0.0	-1.0	0.0	-1.0	0.0	-1.0	1.0	2.476	1.0	2.368	1.0	2.488
38.0	2	-5.41	43.04	1	0.0	-1.0	0.0	-1.0	0.0	-1.0	0.0	-1.0	0.0	-1.0	0.0	-1.0	1.0	2.448	1.0	2.323	1.0	2.449
38.0	22	4.64	17.51	1	0.0	-1.0	0.0	-1.0	0.0	-1.0	0.0	-1.0	0.0	-1.0	0.0	-1.0	1.0	2.121	0.0	-1.0	0.0	-1.0
39.0	22	3.75	17.51	1	0.0	-1.0	0.0	-1.0	0.0	-1.0	0.0	-1.0	0.0	-1.0	0.0	-1.0	1.0	2.838	0.0	-1.0	0.0	-1.0
39.0	2	-5.29	42.47	1	0.0	-1.0	0.0	-1.0	0.0	-1.0	0.0	-1.0	0.0	-1.0	0.0	-1.0	1.0	2.342	1.0	2.234	1.0	2.333
40.0	22	2.93	17.51	1	0.0	-1.0	0.0	-1.0	0.0	-1.0	0.0	-1.0	0.0	-1.0	0.0	-1.0	0.0	-1.0	0.0	-1.0	0.0	-1.0
40.0	2	-5.22	41.89	1	0.0	-1.0	0.0	-1.0	0.0	-1.0	0.0	-1.0	0.0	-1.0	0.0	-1.0	1.0	2.305	1.0	2.191	1.0	2.327
41.0	22	2.24	16.66	1	0.0	-1.0	0.0	-1.0	0.0	-1.0	0.0	-1.0	0.0	-1.0	0.0	-1.0	0.0	-1.0	0.0	-1.0	0.0	-1.0
41.0	2	-5.1	41.31	1	0.0	-1.0	0.0	-1.0	0.0	-1.0	0.0	-1.0	0.0	-1.0	0.0	-1.0	1.0	2.231	1.0	2.128	1.0	2.172
42.0	2	-5.03	40.83	1	0.0	-1.0	0.0	-1.0	0.0	-1.0	0.0	-1.0	0.0	-1.0	0.0	-1.0	1.0	2.185	1.0	2.078	1.0	2.169
42.0	22	1.59	15.85	1	0.0	-1.0	0.0	-1.0	0.0	-1.0	0.0	-1.0	0.0	-1.0	0.0	-1.0	0.0	-1.0	0.0	-1.0	0.0	-1.0
43.0	22	0.86	15.13	1	0.0	-1.0	0.0	-1.0	0.0	-1.0	0.0	-1.0	0.0	-1.0	1.0	2.372	0.0	-1.0	0.0	-1.0	0.0	-1.0
43.0	2	-5.0	40.39	1	0.0	-1.0	0.0	-1.0	0.0	-1.0	0.0	-1.0	0.0	-1.0	0.0	-1.0	1.0	2.193	1.0	2.072	1.0	2.16
44.0	2	-4.96	39.96	1	0.0	-1.0	0.0	-1.0	0.0	-1.0	0.0	-1.0	0.0	-1.0	0.0	-1.0	1.0	2.186	1.0	2.044	1.0	2.184
44.0	22	0.17	14.41	1	0.0	-1.0	0.0	-1.0	1.0	1.521	0.0	-1.0	0.0	-1.0	1.0	1.539	0.0	-1.0	0.0	-1.0	1.0	1.785
45.0	22	-0.55	13.7	1	0.0	-1.0	1.0	0.916	1.0	1.204	0.0	-1.0	1.0	0.882	1.0	0.873	0.0	-1.0	0.0	-1.0	1.0	1.779
45.0	2	-4.93	39.53	1	0.0	-1.0	0.0	-1.0	0.0	-1.0	0.0	-1.0	0.0	-1.0	0.0	-1.0	1.0	2.161	1.0	2.045	1.0	2.144
46.0	22	-1.3	12.98	1	0.0	-1.0	1.0	0.31	1.0	1.209	0.0	-1.0	1.0	0.267	1.0	0.258	0.0	-1.0	0.0	-1.0	1.0	2.558
46.0	2	-4.91	39.02	1	0.0	-1.0	0.0	-1.0	0.0	-1.0	0.0	-1.0	0.0	-1.0	0.0	-1.0	1.0	2.172	1.0	2.048	1.0	2.127
47.0	2	-4.88	38.66	1	0.0	-1.0	0.0	-1.0	0.0	-1.0	0.0	-1.0	0.0	-1.0	0.0	-1.0	1.0	2.157	1.0	2.017	1.0	2.157
47.0	22	-2.02	12.27	1	1.0	1.235	1.0	0.739	1.0	1.217	1.0	0.893	1.0	0.744	1.0	1.999	0.0	-1.0	1.0	1.812	1.0	1.804
48.0	22	-2.84	12.12	1	1.0	1.235	1.0	0.737	1.0	1.614	1.0	0.935	1.0	0.744	1.0	1.869	1.0	1.833	1.0	1.68	1.0	1.682
48.0	3	-4.84	37.95	1	0.0	-1.0	0.0	-1.0	0.0	-1.0	0.0	-1.0	0.0	-1.0	0.0	-1.0	1.0	2.194	1.0	2.049	1.0	2.27
49.0	22	-3.66	11.98	1	1.0	1.233	1.0	1.16	1.0	1.722	1.0	1.017	1.0	1.015	1.0	1.773	1.0	1.722	1.0	1.596	1.0	1.592
49.0	3	-4.84	37.24	1	0.0	-1.0	0.0	-1.0	0.0	-1.0	0.0	-1.0	0.0	-1.0	0.0	-1.0	1.0	2.225	1.0	2.089	1.0	2.333
50.0	3	-4.78	36.52	1	0.0	-1.0	0.0	-1.0	0.0	-1.0	0.0	-1.0	0.0	-1.0	0.0	-1.0	1.0	2.172	1.0	2.057	1.0	2.216
51.0	3	-4.78	35.8	1	0.0	-1.0	0.0	-1.0	0.0	-1.0	0.0	-1.0	0.0	-1.0	0.0	-1.0	1.0	2.223	1.0	2.104	1.0	2.296
52.0	3	-4.78	34.94	1	0.0	-1.0	0.0	-1.0	0.0	-1.0	0.0	-1.0	0.0	-1.0	0.0	-1.0	1.0	2.234	1.0	2.135	1.0	2.369
53.0	3	-4.72	34.22	1	0.0	-1.0	0.0	-1.0	0.0	-1.0	0.0	-1.0	0.0	-1.0	0.0	-1.0	1.0	2.252	1.0	2.125	1.0	2.33
54.0	3	-4.72	33.5	1	0.0	-1.0	0.0	-1.0	0.0	-1.0	0.0	-1.0	0.0	-1.0	0.0	-1.0	1.0	2.318	1.0	2.165	1.0	2.342
55.0	3	-4.66	32.78	1	0.0	-1.0	0.0	-1.0	0.0	-1.0	0.0	-1.0	0.0	-1.0	0.0	-1.0	1.0	2.28	1.0	2.144	1.0	2.304
56.0	3	-4.66	32.36	1	0.0	-1.0	0.0	-1.0	0.0	-1.0	0.0	-1.0	0.0	-1.0	0.0	-1.0	1.0	2.284	1.0	2.157	1.0	2.336
57.0	3	-4.59	31.93	1	0.0	-1.0	0.0	-1.0	0.0	-1.0	0.0	-1.0	0.0	-1.0	0.0	-1.0	1.0	2.241	1.0	2.118	1.0	2.295
58.0	3	-4.59	31.5	1	0.0	-1.0	0.0	-1.0	0.0	-1.0	0.0	-1.0	0.0	-1.0	0.0	-1.0	1.0	2.273	1.0	2.117	0.0	-1.0
59.0	3	-4.54	31.05	1	0.0	-1.0	0.0	-1.0	0.0	-1.0	0.0	-1.0	0.0	-1.0	0.0	-1.0	1.0	2.207	1.0	2.11	0.0	-1.0
60.0	3	-4.47	30.78	1	0.0	-1.0	0.0	-1.0	0.0	-1.0	0.0	-1.0	0.0	-1.0	0.0	-1.0	1.0	2.197	1.0	2.078	0.0	-1.0
61.0	3	-4.47	30.2	1	0.0	-1.0	0.0	-1.0	0.0	-1.0	0.0	-1.0	0.0	-1.0	0.0	-1.0	1.0	2.233	1.0	2.19	0.0	-1.0
62.0	3	-4.4	29.77	1	0.0	-1.0	0.0	-1.0	0.0	-1.0	0.0	-1.0	0.0	-1.0	0.0	-1.0	1.0	2.333	0.0	-1.0	0.0	-1.0
63.0	3	-4.4	29.34	1	0.0	-1.0	0.0	-1.0	0.0	-1.0	0.0	-1.0	0.0	-1.0	0.0	-1.0	1.0	2.556	0.0	-1.0	0.0	-1.0
63.0	15	20.78	32.03	1	0.0	-1.0	0.0	-1.0	0.0	-1.0	0.0	-1.0	0.0	-1.0	0.0	-1.0	0.0	-1.0	0.0	-1.0	0.0	-1.0
64.0	15	20.06	31.35	1	0.0	-1.0	0.0	-1.0	0.0	-1.0	0.0	-1.0	0.0	-1.0	0.0	-1.0	0.0	-1.0	0.0	-1.0	0.0	-1.0
64.0	3	-4.35	28.91	1	0.0	-1.0	0.0	-1.0	0.0	-1.0	0.0	-1.0	0.0	-1.0	0.0	-1.0	1.0	2.8	0.0	-1.0	0.0	-1.0
65.0	3	-4.35	28.49	1	0.0	-1.0	0.0	-1.0	0.0	-1.0	0.0	-1.0	0.0	-1.0	0.0	-1.0	1.0	3.129	0.0	-1.0	0.0	-1.0
65.0	15	20.0	31.35	1	0.0	-1.0	0.0	-1.0	0.0	-1.0	0.0	-1.0	0.0	-1.0	0.0	-1.0	0.0	-1.0	0.0	-1.0	0.0	-1.0
66.0	15	19.12	31.07	1	0.0	-1.0	0.0	-1.0	0.0	-1.0	0.0	-1.0	0.0	-1.0	0.0	-1.0	0.0	-1.0	0.0	-1.0	0.0	-1.0
66.0	3	-4.09	27.77	1	0.0	-1.0	0.0	-1.0	0.0	-1.0	0.0	-1.0	0.0	-1.0	0.0	-1.0	0.0	-1.0	0.0	-1.0	0.0	-1.0
67.0	3	-3.83	26.89	1	0.0	-1.0	0.0	-1.0	0.0	-1.0	0.0	-1.0	0.0	-1.0	0.0	-1.0	0.0	-1.0	0.0	-1.0	0.0	-1.0
67.0	15	18.61	30.92	1	0.0	-1.0	0.0	-1.0	0.0	-1.0	0.0	-1.0	0.0	-1.0	0.0	-1.0	0.0	-1.0	0.0	-1.0	0.0	-1.0
68.0	15	18.11	30.76	1	0.0	-1.0	0.0	-1.0	0.0	-1.0	0.0	-1.0	0.0	-1.0	0.0	-1.0	0.0	-1.0	0.0	-1.0	0.0	-1.0
68.0	4	-3.53	26.11	1	0.0	-1.0	0.0	-1.0	0.0	-1.0	0.0	-1.0	0.0	-1.0	0.0	-1.0	0.0	-1.0	0.0	-1.0	0.0	-1.0
69.0	15	17.6	30.56	1	0.0	-1.0	0.0	-1.0	0.0	-1.0	0.0	-1.0	0.0	-1.0	0.0	-1.0	0.0	-1.0	0.0	-1.0	0.0	-1.0
69.0	4	-3.27	25.25	1	0.0	-1.0	0.0	-1.0	0.0	-1.0	0.0	-1.0	0.0	-1.0	0.0	-1.0	0.0	-1.0	0.0	-1.0	0.0	-1.0
70.0	15	17.1	30.42	1	0.0	-1.0	0.0	-1.0	0.0	-1.0	0.0	-1.0	0.0	-1.0	0.0	-1.0	0.0	-1.0	0.0	-1.0	0.0	-1.0
70.0	4	-2.96	24.4	1	0.0	-1.0	0.0	-1.0	0.0	-1.0	0.0	-1.0	0.0	-1.0	0.0	-1.0	0.0	-1.0	0.0	-1.0	0.0	-1.0
71.0	4	-2.64	23.68	1	0.0	-1.0	0.0	-1.0	0.0	-1.0	0.0	-1.0	0.0	-1.0	0.0	-1.0	0.0	-1.0	0.0	-1.0	0.0	-1.0
71.0	15	16.59	30.28	1	0.0	-1.0	0.0	-1.0	0.0	-1.0	0.0	-1.0	0.0	-1.0	0.0	-1.0	0.0	-1.0	0.0	-1.0	0.0	-1.0
72.0	4	-2.64	22.96	1	0.0	-1.0	0.0	-1.0	0.0	-1.0	0.0	-1.0	0.0	-1.0	0.0	-1.0	0.0	-1.0	0.0	-1.0	0.0	-1.0
72.0	15	16.02	29.98	1	0.0	-1.0	0.0	-1.0	0.0	-1.0	0.0	-1.0	0.0	-1.0	0.0	-1.0	0.0	-1.0	0.0	-1.0	0.0	-1.0
73.0	4	-2.64	22.24	1	0.0	-1.0	0.0	-1.0	0.0	-1.0	0.0	-1.0	0.0	-1.0	0.0	-1.0	0.0	-1.0	0.0	-1.0	0.0	-1.0
73.0	15	15.46	29.7	1	0.0	-1.0	0.0	-1.0	0.0	-1.0	0.0	-1.0	0.0	-1.0	0.0	-1.0	0.0	-1.0	0.0	-1.0	0.0	-1.0
74.0	15	14.89	29.41	1	0.0	-1.0	0.0	-1.0	0.0	-1.0	0.0	-1.0	0.0	-1.0	0.0	-1.0	0.0	-1.0	0.0	-1.0	0.0	-1.0
74.0	4	-2.64	21.67	1	0.0	-1.0	0.0	-1.0	0.0	-1.0	0.0	-1.0	0.0	-1.0	0.0	-1.0	0.0	-1.0	0.0	-1.0	0.0	-1.0
75.0	4	-2.58	21.23	1	0.0	-1.0	0.0	-1.0	0.0	-1.0	0.0	-1.0	0.0	-1.0	0.0	-1.0	0.0	-1.0	0.0	-1.0	0.0	-1.0
75.0	15	14.33	29.12	1	0.0	-1.0	0.0	-1.0	0.0	-1.0	0.0	-1.0	0.0	-1.0	0.0	-1.0	0.0	-1.0	0.0	-1.0	0.0	-1.0
76.0	4	-2.58	20.66	1	0.0	-1.0	0.0	-1.0	0.0	-1.0	0.0	-1.0	0.0	-1.0	0.0	-1.0	0.0	-1.0	0.0	-1.0	0.0	-1.0
76.0	15	13.75	28.98	1	0.0	-1.0	0.0	-1.0	0.0	-1.0	0.0	-1.0	0.0	-1.0	0.0	-1.0	0.0	-1.0	0.0	-1.0	0.0	-1.0
77.0	15	13.18	28.98	1	0.0	-1.0	0.0	-1.0	0.0	-1.0	0.0	-1.0	0.0	-1.0	0.0	-1.0	0.0	-1.0	0.0	-1.0	0.0	-1.0
77.0	4	-2.52	20.24	1	0.0	-1.0	0.0	-1.0	0.0	-1.0	0.0	-1.0	0.0	-1.0	0.0	-1.0	0.0	-1.0	0.0	-1.0	0.0	-1.0
78.0	4	-2.45	19.79	1	0.0	-1.0	0.0	-1.0	0.0	-1.0	0.0	-1.0	0.0	-1.0	0.0	-1.0	0.0	-1.0	0.0	-1.0	0.0	-1.0
78.0	15	12.55	28.98	1	0.0	-1.0	0.0	-1.0	0.0	-1.0	0.0	-1.0	0.0	-1.0	0.0	-1.0	0.0	-1.0	0.0	-1.0	0.0	-1.0
79.0	15	11.98	28.85	1	0.0	-1.0	0.0	-1.0	0.0	-1.0	0.0	-1.0	0.0	-1.0	0.0	-1.0	0.0	-1.0	0.0	-1.0	0.0	-1.0
79.0	4	-2.38	19.23	1	0.0	-1.0	0.0	-1.0	0.0	-1.0	0.0	-1.0	0.0	-1.0	0.0	-1.0	0.0	-1.0	0.0	-1.0	0.0	-1.0
80.0	15	11.42	28.85	1	0.0	-1.0	0.0	-1.0	0.0	-1.0	0.0	-1.0	0.0	-1.0	0.0	-1.0	0.0	-1.0	0.0	-1.0	0.0	-1.0
80.0	4	-2.38	18.8	1	0.0	-1.0	0.0	-1.0	0.0	-1.0	0.0	-1.0	0.0	-1.0	0.0	-1.0	0.0	-1.0	0.0	-1.0	0.0	-1.0
81.0	4	-2.33	18.37	1	0.0	-1.0	0.0	-1.0	0.0	-1.0	0.0	-1.0	0.0	-1.0	0.0	-1.0	0.0	-1.0	0.0	-1.0	0.0	-1.0
81.0	15	10.85	28.85	1	0.0	-1.0	0.0	-1.0	0.0	-1.0	0.0	-1.0	0.0	-1.0	0.0	-1.0	0.0	-1.0	0.0	-1.0	0.0	-1.0
82.0	15	10.22	28.85	1	0.0	-1.0	0.0	-1.0	0.0	-1.0	0.0	-1.0	0.0	-1.0	0.0	-1.0	0.0	-1.0	0.0	-1.0	0.0	-1.0
82.0	4	-2.19	17.79	1	0.0	-1.0	0.0	-1.0	0.0	-1.0	0.0	-1.0	0.0	-1.0	0.0	-1.0	0.0	-1.0	0.0	-1.0	0.0	-1.0
83.0	4	-2.0	17.22	1	0.0	-1.0	0.0	-1.0	1.0	3.071	0.0	-1.0	0.0	-1.0	0.0	-1.0	0.0	-1.0	0.0	-1.0	0.0	-1.0
83.0	16	9.59	28.85	1	0.0	-1.0	0.0	-1.0	0.0	-1.0	0.0	-1.0	0.0	-1.0	0.0	-1.0	0.0	-1.0	0.0	-1.0	0.0	-1.0
84.0	4	-1.95	16.57	1	0.0	-1.0	0.0	-1.0	1.0	2.401	0.0	-1.0	0.0	-1.0	1.0	2.325	0.0	-1.0	0.0	-1.0	0.0	-1.0
84.0	16	8.99	28.78	1	0.0	-1.0	0.0	-1.0	1.0	3.635	0.0	-1.0	0.0	-1.0	0.0	-1.0	0.0	-1.0	0.0	-1.0	0.0	-1.0
85.0	4	-1.88	15.94	1	0.0	-1.0	0.0	-1.0	1.0	1.774	0.0	-1.0	0.0	-1.0	1.0	1.71	0.0	-1.0	0.0	-1.0	0.0	-1.0
85.0	16	8.44	28.76	1	0.0	-1.0	0.0	-1.0	1.0	3.291	0.0	-1.0	0.0	-1.0	0.0	-1.0	0.0	-1.0	0.0	-1.0	0.0	-1.0
86.0	4	-1.85	15.22	1	0.0	-1.0	1.0	1.273	1.0	1.1	0.0	-1.0	1.0	0.983	1.0	0.972	0.0	-1.0	0.0	-1.0	0.0	-1.0
86.0	16	7.86	28.69	1	0.0	-1.0	0.0	-1.0	1.0	3.351	0.0	-1.0	0.0	-1.0	0.0	-1.0	0.0	-1.0	0.0	-1.0	0.0	-1.0
87.0	4	-1.78	14.64	1	0.0	-1.0	1.0	0.766	1.0	1.128	0.0	-1.0	1.0	0.403	1.0	0.584	0.0	-1.0	0.0	-1.0	0.0	-1.0
87.0	16	7.33	28.69	1	0.0	-1.0	1.0	2.774	1.0	3.14	0.0	-1.0	0.0	-1.0	0.0	-1.0	0.0	-1.0	0.0	-1.0	0.0	-1.0
88.0	16	6.75	28.69	1	0.0	-1.0	1.0	2.627	1.0	2.809	0.0	-1.0	0.0	-1.0	0.0	-1.0	0.0	-1.0	0.0	-1.0	0.0	-1.0
89.0	16	6.18	28.62	1	0.0	-1.0	1.0	2.658	1.0	3.586	0.0	-1.0	0.0	-1.0	0.0	-1.0	0.0	-1.0	0.0	-1.0	0.0	-1.0
90.0	16	5.62	28.54	1	1.0	2.805	1.0	2.696	1.0	3.288	0.0	-1.0	0.0	-1.0	0.0	-1.0	0.0	-1.0	0.0	-1.0	0.0	-1.0
91.0	10	20.15	32.99	1	0.0	-1.0	0.0	-1.0	0.0	-1.0	0.0	-1.0	0.0	-1.0	0.0	-1.0	0.0	-1.0	0.0	-1.0	0.0	-1.0
91.0	7	-11.98	19.16	1	0.0	-1.0	0.0	-1.0	0.0	-1.0	0.0	-1.0	0.0	-1.0	0.0	-1.0	1.0	3.148	0.0	-1.0	0.0	-1.0
91.0	16	5.05	28.54	1	1.0	2.835	0.0	-1.0	1.0	2.946	0.0	-1.0	0.0	-1.0	0.0	-1.0	0.0	-1.0	0.0	-1.0	0.0	-1.0
92.0	16	4.49	28.4	1	1.0	2.937	1.0	2.836	0.0	-1.0	0.0	-1.0	0.0	-1.0	0.0	-1.0	0.0	-1.0	0.0	-1.0	0.0	-1.0
92.0	7	-12.33	19.43	1	0.0	-1.0	0.0	-1.0	0.0	-1.0	0.0	-1.0	0.0	-1.0	0.0	-1.0	1.0	3.313	0.0	-1.0	0.0	-1.0
92.0	5	20.29	2.59	1	0.0	-1.0	0.0	-1.0	0.0	-1.0	0.0	-1.0	0.0	-1.0	0.0	-1.0	0.0	-1.0	0.0	-1.0	0.0	-1.0
92.0	10	19.77	32.85	1	0.0	-1.0	1.0	3.404	1.0	3.732	0.0	-1.0	0.0	-1.0	0.0	-1.0	0.0	-1.0	0.0	-1.0	0.0	-1.0
93.0	16	3.97	28.4	1	1.0	3.031	1.0	2.684	0.0	-1.0	0.0	-1.0	0.0	-1.0	0.0	-1.0	0.0	-1.0	0.0	-1.0	0.0	-1.0
93.0	5	20.08	2.29	1	0.0	-1.0	0.0	-1.0	0.0	-1.0	0.0	-1.0	0.0	-1.0	0.0	-1.0	0.0	-1.0	0.0	-1.0	0.0	-1.0
93.0	7	-12.38	19.88	1	0.0	-1.0	0.0	-1.0	0.0	-1.0	0.0	-1.0	0.0	-1.0	0.0	-1.0	1.0	3.764	0.0	-1.0	0.0	-1.0
93.0	10	19.35	32.72	1	0.0	-1.0	1.0	3.374	1.0	3.705	0.0	-1.0	0.0	-1.0	0.0	-1.0	0.0	-1.0	0.0	-1.0	0.0	-1.0
94.0	10	18.95	32.42	1	0.0	-1.0	0.0	-1.0	0.0	-1.0	0.0	-1.0	0.0	-1.0	0.0	-1.0	0.0	-1.0	0.0	-1.0	0.0	-1.0
94.0	16	3.41	28.4	1	1.0	3.271	1.0	2.632	0.0	-1.0	0.0	-1.0	0.0	-1.0	0.0	-1.0	0.0	-1.0	0.0	-1.0	0.0	-1.0
94.0	7	-12.45	20.46	1	0.0	-1.0	0.0	-1.0	0.0	-1.0	0.0	-1.0	0.0	-1.0	0.0	-1.0	0.0	-1.0	0.0	-1.0	0.0	-1.0
94.0	5	19.91	2.16	1	0.0	-1.0	0.0	-1.0	0.0	-1.0	0.0	-1.0	0.0	-1.0	0.0	-1.0	0.0	-1.0	0.0	-1.0	0.0	-1.0
95.0	7	-12.51	20.87	1	0.0	-1.0	0.0	-1.0	0.0	-1.0	0.0	-1.0	0.0	-1.0	0.0	-1.0	0.0	-1.0	0.0	-1.0	0.0	-1.0
95.0	10	18.52	32.29	1	0.0	-1.0	0.0	-1.0	0.0	-1.0	0.0	-1.0	0.0	-1.0	0.0	-1.0	0.0	-1.0	0.0	-1.0	0.0	-1.0
95.0	5	19.7	2.16	1	0.0	-1.0	0.0	-1.0	0.0	-1.0	0.0	-1.0	0.0	-1.0	0.0	-1.0	0.0	-1.0	0.0	-1.0	0.0	-1.0
95.0	16	2.77	28.26	1	1.0	2.896	0.0	-1.0	0.0	-1.0	0.0	-1.0	0.0	-1.0	0.0	-1.0	0.0	-1.0	0.0	-1.0	0.0	-1.0
96.0	16	2.21	28.26	1	1.0	2.945	0.0	-1.0	0.0	-1.0	0.0	-1.0	0.0	-1.0	0.0	-1.0	0.0	-1.0	0.0	-1.0	0.0	-1.0
96.0	7	-12.57	21.31	1	0.0	-1.0	0.0	-1.0	0.0	-1.0	0.0	-1.0	0.0	-1.0	0.0	-1.0	0.0	-1.0	0.0	-1.0	0.0	-1.0
96.0	10	18.01	32.0	1	0.0	-1.0	0.0	-1.0	0.0	-1.0	0.0	-1.0	0.0	-1.0	0.0	-1.0	0.0	-1.0	0.0	-1.0	0.0	-1.0
96.0	5	19.66	2.2	1	0.0	-1.0	0.0	-1.0	0.0	-1.0	0.0	-1.0	0.0	-1.0	0.0	-1.0	0.0	-1.0	0.0	-1.0	0.0	-1.0
97.0	5	19.68	2.26	1	0.0	-1.0	0.0	-1.0	0.0	-1.0	0.0	-1.0	0.0	-1.0	0.0	-1.0	0.0	-1.0	0.0	-1.0	0.0	-1.0
97.0	10	17.5	31.71	1	0.0	-1.0	0.0	-1.0	0.0	-1.0	0.0	-1.0	0.0	-1.0	0.0	-1.0	0.0	-1.0	0.0	-1.0	0.0	-1.0
97.0	16	1.58	28.26	1	0.0	-1.0	0.0	-1.0	1.0	3.469	0.0	-1.0	0.0	-1.0	0.0	-1.0	0.0	-1.0	0.0	-1.0	0.0	-1.0
97.0	7	-12.63	21.88	1	0.0	-1.0	0.0	-1.0	0.0	-1.0	0.0	-1.0	0.0	-1.0	0.0	-1.0	0.0	-1.0	0.0	-1.0	0.0	-1.0
98.0	16	0.96	28.26	1	0.0	-1.0	0.0	-1.0	1.0	3.062	0.0	-1.0	0.0	-1.0	0.0	-1.0	0.0	-1.0	0.0	-1.0	0.0	-1.0
98.0	5	19.7	2.33	1	0.0	-1.0	0.0	-1.0	0.0	-1.0	0.0	-1.0	0.0	-1.0	0.0	-1.0	0.0	-1.0	0.0	-1.0	0.0	-1.0
98.0	7	-12.57	22.31	1	0.0	-1.0	0.0	-1.0	0.0	-1.0	0.0	-1.0	0.0	-1.0	0.0	-1.0	0.0	-1.0	0.0	-1.0	0.0	-1.0
98.0	10	17.0	31.57	1	0.0	-1.0	0.0	-1.0	0.0	-1.0	0.0	-1.0	0.0	-1.0	0.0	-1.0	0.0	-1.0	0.0	-1.0	0.0	-1.0
99.0	5	19.72	2.39	1	0.0	-1.0	0.0	-1.0	0.0	-1.0	0.0	-1.0	0.0	-1.0	0.0	-1.0	0.0	-1.0	0.0	-1.0	0.0	-1.0
99.0	16	0.33	28.26	1	0.0	-1.0	0.0	-1.0	1.0	2.721	0.0	-1.0	0.0	-1.0	0.0	-1.0	0.0	-1.0	0.0	-1.0	0.0	-1.0
99.0	7	-12.45	22.89	1	0.0	-1.0	0.0	-1.0	0.0	-1.0	0.0	-1.0	0.0	-1.0	0.0	-1.0	0.0	-1.0	0.0	-1.0	0.0	-1.0
99.0	10	16.55	31.28	1	0.0	-1.0	0.0	-1.0	0.0	-1.0	0.0	-1.0	0.0	-1.0	0.0	-1.0	0.0	-1.0	0.0	-1.0	0.0	-1.0
100.0	16	-0.31	28.26	1	0.0	-1.0	1.0	2.507	1.0	2.628	0.0	-1.0	0.0	-1.0	0.0	-1.0	0.0	-1.0	0.0	-1.0	0.0	-1.0
100.0	5	19.73	2.46	1	0.0	-1.0	0.0	-1.0	0.0	-1.0	0.0	-1.0	0.0	-1.0	0.0	-1.0	0.0	-1.0	0.0	-1.0	0.0	-1.0
100.0	10	15.99	31.14	1	0.0	-1.0	0.0	-1.0	0.0	-1.0	0.0	-1.0	0.0	-1.0	0.0	-1.0	0.0	-1.0	0.0	-1.0	0.0	-1.0
100.0	7	-12.33	23.47	1	0.0	-1.0	0.0	-1.0	0.0	-1.0	0.0	-1.0	0.0	-1.0	0.0	-1.0	0.0	-1.0	0.0	-1.0	0.0	-1.0
101.0	16	-0.87	28.26	1	0.0	-1.0	1.0	2.409	0.0	-1.0	0.0	-1.0	0.0	-1.0	0.0	-1.0	0.0	-1.0	0.0	-1.0	0.0	-1.0
101.0	5	19.75	2.53	1	0.0	-1.0	0.0	-1.0	0.0	-1.0	0.0	-1.0	0.0	-1.0	0.0	-1.0	0.0	-1.0	0.0	-1.0	0.0	-1.0
101.0	10	15.42	31.14	1	1.0	3.691	1.0	3.26	0.0	-1.0	0.0	-1.0	0.0	-1.0	0.0	-1.0	0.0	-1.0	0.0	-1.0	0.0	-1.0
101.0	7	-12.19	24.04	1	0.0	-1.0	0.0	-1.0	0.0	-1.0	0.0	-1.0	0.0	-1.0	0.0	-1.0	0.0	-1.0	0.0	-1.0	0.0	-1.0
102.0	7	-12.07	24.46	1	0.0	-1.0	0.0	-1.0	0.0	-1.0	0.0	-1.0	0.0	-1.0	0.0	-1.0	0.0	-1.0	0.0	-1.0	0.0	-1.0
102.0	10	14.79	31.14	1	1.0	3.426	0.0	-1.0	0.0	-1.0	0.0	-1.0	0.0	-1.0	0.0	-1.0	0.0	-1.0	0.0	-1.0	0.0	-1.0
102.0	16	-1.51	28.26	1	0.0	-1.0	1.0	2.522	0.0	-1.0	0.0	-1.0	0.0	-1.0	0.0	-1.0	0.0	-1.0	0.0	-1.0	0.0	-1.0
102.0	5	19.77	2.59	1	0.0	-1.0	0.0	-1.0	0.0	-1.0	0.0	-1.0	0.0	-1.0	0.0	-1.0	0.0	-1.0	0.0	-1.0	0.0	-1.0
103.0	17	-2.07	28.26	1	1.0	2.653	1.0	2.591	0.0	-1.0	0.0	-1.0	0.0	-1.0	0.0	-1.0	0.0	-1.0	0.0	-1.0	0.0	-1.0
103.0	7	-11.88	25.05	1	0.0	-1.0	0.0	-1.0	0.0	-1.0	0.0	-1.0	0.0	-1.0	0.0	-1.0	0.0	-1.0	0.0	-1.0	0.0	-1.0
103.0	10	14.23	31.14	1	1.0	3.191	0.0	-1.0	0.0	-1.0	0.0	-1.0	0.0	-1.0	0.0	-1.0	0.0	-1.0	0.0	-1.0	0.0	-1.0
103.0	5	19.79	2.66	1	0.0	-1.0	0.0	-1.0	0.0	-1.0	0.0	-1.0	0.0	-1.0	0.0	-1.0	0.0	-1.0	0.0	-1.0	0.0	-1.0
104.0	5	19.8	2.72	1	0.0	-1.0	0.0	-1.0	0.0	-1.0	0.0	-1.0	0.0	-1.0	0.0	-1.0	0.0	-1.0	0.0	-1.0	0.0	-1.0
104.0	10	13.59	30.99	1	1.0	3.155	0.0	-1.0	0.0	-1.0	0.0	-1.0	0.0	-1.0	0.0	-1.0	0.0	-1.0	0.0	-1.0	0.0	-1.0
104.0	17	-2.7	28.26	1	1.0	2.753	0.0	-1.0	0.0	-1.0	0.0	-1.0	0.0	-1.0	0.0	-1.0	0.0	-1.0	0.0	-1.0	0.0	-1.0
104.0	7	-11.76	25.61	1	0.0	-1.0	0.0	-1.0	0.0	-1.0	0.0	-1.0	0.0	-1.0	0.0	-1.0	0.0	-1.0	0.0	-1.0	0.0	-1.0
105.0	17	-3.27	28.26	1	1.0	2.995	0.0	-1.0	0.0	-1.0	0.0	-1.0	0.0	-1.0	0.0	-1.0	0.0	-1.0	0.0	-1.0	0.0	-1.0
105.0	10	13.03	30.99	1	1.0	3.329	0.0	-1.0	0.0	-1.0	0.0	-1.0	0.0	-1.0	0.0	-1.0	0.0	-1.0	0.0	-1.0	0.0	-1.0
105.0	5	19.82	2.79	1	0.0	-1.0	0.0	-1.0	0.0	-1.0	0.0	-1.0	0.0	-1.0	0.0	-1.0	0.0	-1.0	0.0	-1.0	0.0	-1.0
105.0	7	-11.76	26.04	1	0.0	-1.0	0.0	-1.0	0.0	-1.0	0.0	-1.0	0.0	-1.0	0.0	-1.0	0.0	-1.0	0.0	-1.0	0.0	-1.0
106.0	5	19.84	2.86	1	0.0	-1.0	0.0	-1.0	0.0	-1.0	0.0	-1.0	0.0	-1.0	0.0	-1.0	0.0	-1.0	0.0	-1.0	0.0	-1.0
106.0	17	-3.9	28.26	1	1.0	3.376	0.0	-1.0	0.0	-1.0	0.0	-1.0	0.0	-1.0	0.0	-1.0	0.0	-1.0	0.0	-1.0	0.0	-1.0
106.0	10	12.39	30.99	1	0.0	-1.0	0.0	-1.0	0.0	-1.0	0.0	-1.0	0.0	-1.0	0.0	-1.0	0.0	-1.0	0.0	-1.0	0.0	-1.0
106.0	7	-11.76	26.62	1	0.0	-1.0	0.0	-1.0	0.0	-1.0	0.0	-1.0	0.0	-1.0	0.0	-1.0	0.0	-1.0	0.0	-1.0	0.0	-1.0
107.0	10	11.83	30.99	1	0.0	-1.0	0.0	-1.0	0.0	-1.0	0.0	-1.0	0.0	-1.0	0.0	-1.0	0.0	-1.0	0.0	-1.0	0.0	-1.0
107.0	5	19.86	2.92	1	0.0	-1.0	0.0	-1.0	0.0	-1.0	0.0	-1.0	0.0	-1.0	0.0	-1.0	0.0	-1.0	0.0	-1.0	0.0	-1.0
107.0	17	-4.47	28.26	1	0.0	-1.0	0.0	-1.0	0.0	-1.0	0.0	-1.0	0.0	-1.0	0.0	-1.0	0.0	-1.0	0.0	-1.0	0.0	-1.0
107.0	7	-11.76	27.03	1	0.0	-1.0	0.0	-1.0	0.0	-1.0	0.0	-1.0	0.0	-1.0	0.0	-1.0	0.0	-1.0	0.0	-1.0	0.0	-1.0
108.0	10	11.26	30.99	1	0.0	-1.0	0.0	-1.0	0.0	-1.0	0.0	-1.0	0.0	-1.0	0.0	-1.0	0.0	-1.0	0.0	-1.0	0.0	-1.0
108.0	7	-11.76	27.61	1	0.0	-1.0	0.0	-1.0	0.0	-1.0	0.0	-1.0	0.0	-1.0	0.0	-1.0	0.0	-1.0	0.0	-1.0	0.0	-1.0
108.0	5	19.88	2.99	1	0.0	-1.0	0.0	-1.0	0.0	-1.0	0.0	-1.0	0.0	-1.0	0.0	-1.0	0.0	-1.0	0.0	-1.0	0.0	-1.0
108.0	17	-5.1	28.26	1	0.0	-1.0	0.0	-1.0	0.0	-1.0	0.0	-1.0	0.0	-1.0	0.0	-1.0	0.0	-1.0	0.0	-1.0	0.0	-1.0
109.0	7	-11.62	28.06	1	0.0	-1.0	0.0	-1.0	0.0	-1.0	0.0	-1.0	0.0	-1.0	0.0	-1.0	0.0	-1.0	0.0	-1.0	0.0	-1.0
109.0	5	19.89	3.05	1	0.0	-1.0	0.0	-1.0	0.0	-1.0	0.0	-1.0	0.0	-1.0	0.0	-1.0	0.0	-1.0	0.0	-1.0	0.0	-1.0
109.0	17	-5.6	28.13	1	0.0	-1.0	0.0	-1.0	0.0	-1.0	0.0	-1.0	0.0	-1.0	0.0	-1.0	0.0	-1.0	0.0	-1.0	0.0	-1.0
109.0	10	10.7	30.99	1	0.0	-1.0	0.0	-1.0	0.0	-1.0	0.0	-1.0	0.0	-1.0	0.0	-1.0	0.0	-1.0	0.0	-1.0	0.0	-1.0
110.0	17	-6.11	28.13	1	0.0	-1.0	0.0	-1.0	0.0	-1.0	0.0	-1.0	0.0	-1.0	0.0	-1.0	0.0	-1.0	0.0	-1.0	0.0	-1.0
110.0	7	-11.25	28.62	1	0.0	-1.0	0.0	-1.0	0.0	-1.0	0.0	-1.0	0.0	-1.0	0.0	-1.0	0.0	-1.0	0.0	-1.0	1.0	2.879
110.0	5	19.91	3.12	1	0.0	-1.0	0.0	-1.0	0.0	-1.0	0.0	-1.0	0.0	-1.0	0.0	-1.0	0.0	-1.0	0.0	-1.0	0.0	-1.0
110.0	10	10.13	30.99	1	0.0	-1.0	0.0	-1.0	1.0	3.361	0.0	-1.0	0.0	-1.0	0.0	-1.0	0.0	-1.0	0.0	-1.0	0.0	-1.0
111.0	8	-10.87	28.91	1	0.0	-1.0	0.0	-1.0	0.0	-1.0	0.0	-1.0	0.0	-1.0	0.0	-1.0	0.0	-1.0	0.0	-1.0	1.0	2.571
111.0	11	9.55	30.99	1	0.0	-1.0	0.0	-1.0	1.0	2.897	0.0	-1.0	0.0	-1.0	0.0	-1.0	0.0	-1.0	0.0	-1.0	0.0	-1.0
111.0	17	-6.61	28.13	1	0.0	-1.0	0.0	-1.0	0.0	-1.0	0.0	-1.0	0.0	-1.0	0.0	-1.0	0.0	-1.0	0.0	-1.0	0.0	-1.0
111.0	5	19.93	3.19	1	0.0	-1.0	0.0	-1.0	0.0	-1.0	0.0	-1.0	0.0	-1.0	0.0	-1.0	0.0	-1.0	0.0	-1.0	0.0	-1.0
112.0	17	-7.19	28.13	1	0.0	-1.0	0.0	-1.0	0.0	-1.0	0.0	-1.0	0.0	-1.0	0.0	-1.0	0.0	-1.0	0.0	-1.0	0.0	-1.0
112.0	6	19.95	3.25	1	0.0	-1.0	0.0	-1.0	0.0	-1.0	0.0	-1.0	0.0	-1.0	0.0	-1.0	0.0	-1.0	0.0	-1.0	0.0	-1.0
112.0	11	8.99	30.99	1	0.0	-1.0	0.0	-1.0	1.0	2.282	0.0	-1.0	0.0	-1.0	1.0	2.321	0.0	-1.0	0.0	-1.0	0.0	-1.0
112.0	8	-10.49	29.34	1	0.0	-1.0	0.0	-1.0	0.0	-1.0	0.0	-1.0	0.0	-1.0	0.0	-1.0	0.0	-1.0	1.0	2.502	1.0	2.188
113.0	11	8.49	30.99	1	0.0	-1.0	0.0	-1.0	1.0	1.862	0.0	-1.0	0.0	-1.0	1.0	1.883	0.0	-1.0	0.0	-1.0	0.0	-1.0
113.0	17	-7.69	27.99	1	0.0	-1.0	0.0	-1.0	0.0	-1.0	0.0	-1.0	0.0	-1.0	0.0	-1.0	0.0	-1.0	0.0	-1.0	0.0	-1.0
113.0	6	19.96	3.32	1	0.0	-1.0	0.0	-1.0	0.0	-1.0	0.0	-1.0	0.0	-1.0	0.0	-1.0	0.0	-1.0	0.0	-1.0	0.0	-1.0
113.0	8	-10.12	29.63	1	0.0	-1.0	0.0	-1.0	0.0	-1.0	0.0	-1.0	0.0	-1.0	0.0	-1.0	0.0	-1.0	1.0	1.965	1.0	1.955
114.0	6	19.98	3.38	1	0.0	-1.0	0.0	-1.0	0.0	-1.0	0.0	-1.0	0.0	-1.0	0.0	-1.0	0.0	-1.0	0.0	-1.0	0.0	-1.0
114.0	11	8.11	30.99	1	0.0	-1.0	0.0	-1.0	1.0	1.556	0.0	-1.0	0.0	-1.0	1.0	1.557	0.0	-1.0	0.0	-1.0	0.0	-1.0
114.0	17	-8.32	27.99	1	0.0	-1.0	0.0	-1.0	0.0	-1.0	0.0	-1.0	0.0	-1.0	0.0	-1.0	0.0	-1.0	0.0	-1.0	0.0	-1.0
114.0	8	-9.74	29.91	1	0.0	-1.0	0.0	-1.0	0.0	-1.0	0.0	-1.0	0.0	-1.0	0.0	-1.0	0.0	-1.0	1.0	1.919	1.0	2.64
115.0	11	7.74	30.99	1	0.0	-1.0	1.0	1.289	1.0	1.283	0.0	-1.0	0.0	-1.0	1.0	1.26	0.0	-1.0	0.0	-1.0	0.0	-1.0
115.0	13	20.41	34.94	1	1.0	2.232	1.0	2.092	0.0	-1.0	0.0	-1.0	0.0	-1.0	0.0	-1.0	0.0	-1.0	0.0	-1.0	0.0	-1.0
115.0	17	-8.89	27.99	1	0.0	-1.0	0.0	-1.0	0.0	-1.0	0.0	-1.0	0.0	-1.0	0.0	-1.0	0.0	-1.0	0.0	-1.0	0.0	-1.0
115.0	6	20.0	3.45	1	0.0	-1.0	0.0	-1.0	0.0	-1.0	0.0	-1.0	0.0	-1.0	0.0	-1.0	0.0	-1.0	0.0	-1.0	0.0	-1.0
115.0	8	-9.23	30.04	1	0.0	-1.0	0.0	-1.0	0.0	-1.0	0.0	-1.0	0.0	-1.0	0.0	-1.0	1.0	2.495	1.0	2.114	0.0	-1.0
116.0	8	-8.73	30.35	1	0.0	-1.0	0.0	-1.0	0.0	-1.0	0.0	-1.0	0.0	-1.0	0.0	-1.0	1.0	2.359	1.0	2.362	0.0	-1.0
116.0	17	-9.45	27.99	1	0.0	-1.0	0.0	-1.0	0.0	-1.0	0.0	-1.0	0.0	-1.0	0.0	-1.0	0.0	-1.0	0.0	-1.0	0.0	-1.0
116.0	11	7.36	30.99	1	0.0	-1.0	1.0	1.045	1.0	1.235	0.0	-1.0	1.0	0.973	1.0	0.998	0.0	-1.0	0.0	-1.0	0.0	-1.0
116.0	6	20.02	3.52	1	0.0	-1.0	0.0	-1.0	0.0	-1.0	0.0	-1.0	0.0	-1.0	0.0	-1.0	0.0	-1.0	0.0	-1.0	0.0	-1.0
116.0	13	20.15	34.5	1	1.0	2.239	1.0	2.266	0.0	-1.0	0.0	-1.0	0.0	-1.0	0.0	-1.0	0.0	-1.0	0.0	-1.0	0.0	-1.0
117.0	11	6.98	30.99	1	0.0	-1.0	1.0	0.907	1.0	1.235	0.0	-1.0	1.0	0.685	1.0	0.91	0.0	-1.0	0.0	-1.0	0.0	-1.0
117.0	6	20.03	3.58	1	0.0	-1.0	0.0	-1.0	0.0	-1.0	0.0	-1.0	0.0	-1.0	0.0	-1.0	0.0	-1.0	0.0	-1.0	1.0	3.941
117.0	13	19.96	34.22	1	1.0	2.287	1.0	2.276	0.0	-1.0	0.0	-1.0	0.0	-1.0	0.0	-1.0	0.0	-1.0	0.0	-1.0	0.0	-1.0
117.0	8	-8.29	30.49	1	0.0	-1.0	0.0	-1.0	0.0	-1.0	0.0	-1.0	0.0	-1.0	0.0	-1.0	1.0	2.671	0.0	-1.0	0.0	-1.0
117.0	17	-10.02	27.99	1	0.0	-1.0	0.0	-1.0	0.0	-1.0	0.0	-1.0	0.0	-1.0	0.0	-1.0	0.0	-1.0	0.0	-1.0	0.0	-1.0
118.0	17	-10.65	27.99	1	0.0	-1.0	0.0	-1.0	0.0	-1.0	0.0	-1.0	0.0	-1.0	0.0	-1.0	0.0	-1.0	0.0	-1.0	0.0	-1.0
118.0	13	19.72	33.78	1	1.0	2.53	1.0	2.531	0.0	-1.0	0.0	-1.0	0.0	-1.0	0.0	-1.0	0.0	-1.0	0.0	-1.0	0.0	-1.0
118.0	6	20.05	3.65	1	0.0	-1.0	0.0	-1.0	0.0	-1.0	0.0	-1.0	0.0	-1.0	0.0	-1.0	0.0	-1.0	0.0	-1.0	1.0	3.925
118.0	8	-7.79	30.76	1	0.0	-1.0	0.0	-1.0	0.0	-1.0	0.0	-1.0	0.0	-1.0	0.0	-1.0	1.0	3.067	0.0	-1.0	0.0	-1.0
118.0	11	6.54	30.85	1	0.0	-1.0	1.0	0.82	1.0	1.143	0.0	-1.0	1.0	0.462	1.0	0.871	0.0	-1.0	0.0	-1.0	0.0	-1.0
119.0	13	19.52	33.37	1	1.0	2.84	0.0	-1.0	0.0	-1.0	0.0	-1.0	0.0	-1.0	0.0	-1.0	0.0	-1.0	0.0	-1.0	0.0	-1.0
119.0	6	20.07	3.71	1	0.0	-1.0	0.0	-1.0	0.0	-1.0	0.0	-1.0	0.0	-1.0	0.0	-1.0	0.0	-1.0	0.0	-1.0	1.0	3.91
119.0	17	-11.28	28.13	1	0.0	-1.0	0.0	-1.0	0.0	-1.0	0.0	-1.0	0.0	-1.0	0.0	-1.0	0.0	-1.0	0.0	-1.0	0.0	-1.0
119.0	8	-7.4	31.07	1	0.0	-1.0	0.0	-1.0	0.0	-1.0	0.0	-1.0	0.0	-1.0	0.0	-1.0	1.0	3.375	0.0	-1.0	0.0	-1.0
119.0	11	5.72	30.56	1	1.0	1.125	1.0	0.716	1.0	1.327	1.0	1.197	1.0	0.68	1.0	0.89	0.0	-1.0	0.0	-1.0	0.0	-1.0
120.0	13	19.14	33.21	1	1.0	2.816	0.0	-1.0	0.0	-1.0	0.0	-1.0	0.0	-1.0	0.0	-1.0	0.0	-1.0	0.0	-1.0	0.0	-1.0
120.0	17	-11.97	28.4	1	0.0	-1.0	0.0	-1.0	0.0	-1.0	0.0	-1.0	0.0	-1.0	0.0	-1.0	0.0	-1.0	0.0	-1.0	0.0	-1.0
120.0	6	20.09	3.78	1	0.0	-1.0	0.0	-1.0	0.0	-1.0	0.0	-1.0	0.0	-1.0	0.0	-1.0	0.0	-1.0	0.0	-1.0	1.0	3.91
120.0	11	4.9	30.27	1	1.0	1.136	1.0	0.995	1.0	1.574	1.0	1.242	1.0	0.972	1.0	1.584	0.0	-1.0	0.0	-1.0	0.0	-1.0
120.0	8	-7.09	31.48	1	0.0	-1.0	0.0	-1.0	0.0	-1.0	0.0	-1.0	0.0	-1.0	0.0	-1.0	1.0	3.665	0.0	-1.0	0.0	-1.0
121.0	6	20.11	3.85	1	0.0	-1.0	0.0	-1.0	0.0	-1.0	0.0	-1.0	0.0	-1.0	0.0	-1.0	0.0	-1.0	0.0	-1.0	1.0	3.85
121.0	13	18.83	32.92	1	1.0	2.981	0.0	-1.0	0.0	-1.0	0.0	-1.0	0.0	-1.0	0.0	-1.0	0.0	-1.0	0.0	-1.0	0.0	-1.0
121.0	11	4.07	29.98	1	1.0	1.592	1.0	1.231	1.0	1.466	1.0	1.599	1.0	1.221	0.0	-1.0	0.0	-1.0	0.0	-1.0	0.0	-1.0
121.0	8	-6.76	31.93	1	0.0	-1.0	0.0	-1.0	0.0	-1.0	0.0	-1.0	0.0	-1.0	0.0	-1.0	0.0	-1.0	0.0	-1.0	0.0	-1.0
121.0	17	-12.6	28.54	1	0.0	-1.0	0.0	-1.0	0.0	-1.0	0.0	-1.0	0.0	-1.0	0.0	-1.0	0.0	-1.0	0.0	-1.0	0.0	-1.0
122.0	11	3.32	29.84	1	1.0	1.226	1.0	1.225	1.0	1.634	1.0	2.234	0.0	-1.0	0.0	-1.0	0.0	-1.0	0.0	-1.0	0.0	-1.0
122.0	6	20.12	3.91	1	0.0	-1.0	0.0	-1.0	0.0	-1.0	0.0	-1.0	0.0	-1.0	0.0	-1.0	0.0	-1.0	0.0	-1.0	1.0	3.85
122.0	8	-6.45	32.36	1	0.0	-1.0	0.0	-1.0	0.0	-1.0	0.0	-1.0	0.0	-1.0	0.0	-1.0	0.0	-1.0	0.0	-1.0	0.0	-1.0
122.0	13	18.52	32.78	1	1.0	2.95	0.0	-1.0	0.0	-1.0	0.0	-1.0	0.0	-1.0	0.0	-1.0	0.0	-1.0	0.0	-1.0	0.0	-1.0
122.0	17	-13.11	28.4	1	0.0	-1.0	0.0	-1.0	0.0	-1.0	0.0	-1.0	0.0	-1.0	0.0	-1.0	0.0	-1.0	0.0	-1.0	0.0	-1.0
123.0	6	20.14	3.98	1	0.0	-1.0	0.0	-1.0	0.0	-1.0	0.0	-1.0	0.0	-1.0	0.0	-1.0	0.0	-1.0	0.0	-1.0	1.0	3.819
123.0	8	-6.15	32.78	1	0.0	-1.0	0.0	-1.0	1.0	3.622	0.0	-1.0	0.0	-1.0	0.0	-1.0	0.0	-1.0	0.0	-1.0	0.0	-1.0
123.0	11	2.81	29.84	1	1.0	1.287	1.0	1.303	1.0	1.792	1.0	1.52	0.0	-1.0	0.0	-1.0	0.0	-1.0	0.0	-1.0	0.0	-1.0
123.0	13	18.01	32.51	1	1.0	3.152	0.0	-1.0	0.0	-1.0	0.0	-1.0	0.0	-1.0	0.0	-1.0	0.0	-1.0	0.0	-1.0	0.0	-1.0
124.0	8	-6.15	33.21	1	0.0	-1.0	0.0	-1.0	1.0	3.588	0.0	-1.0	0.0	-1.0	0.0	-1.0	0.0	-1.0	0.0	-1.0	0.0	-1.0
124.0	11	2.31	29.98	1	1.0	1.234	1.0	1.232	1.0	2.32	1.0	1.365	0.0	-1.0	0.0	-1.0	0.0	-1.0	0.0	-1.0	0.0	-1.0
124.0	6	20.16	4.04	1	0.0	-1.0	0.0	-1.0	0.0	-1.0	0.0	-1.0	0.0	-1.0	0.0	-1.0	0.0	-1.0	0.0	-1.0	1.0	3.789
124.0	13	17.7	32.06	1	1.0	3.496	0.0	-1.0	0.0	-1.0	0.0	-1.0	0.0	-1.0	0.0	-1.0	0.0	-1.0	0.0	-1.0	0.0	-1.0
125.0	13	17.38	31.79	1	0.0	-1.0	0.0	-1.0	0.0	-1.0	0.0	-1.0	0.0	-1.0	0.0	-1.0	0.0	-1.0	0.0	-1.0	0.0	-1.0
125.0	8	-6.15	33.64	1	0.0	-1.0	0.0	-1.0	1.0	3.583	0.0	-1.0	0.0	-1.0	0.0	-1.0	0.0	-1.0	0.0	-1.0	0.0	-1.0
125.0	11	1.81	30.13	1	1.0	1.155	1.0	1.159	1.0	2.751	1.0	1.309	0.0	-1.0	0.0	-1.0	0.0	-1.0	0.0	-1.0	0.0	-1.0
125.0	6	20.18	4.11	1	0.0	-1.0	0.0	-1.0	0.0	-1.0	0.0	-1.0	0.0	-1.0	0.0	-1.0	0.0	-1.0	0.0	-1.0	1.0	3.773
126.0	11	0.26	30.35	1	1.0	1.898	0.0	-1.0	1.0	1.259	1.0	2.024	0.0	-1.0	1.0	1.178	0.0	-1.0	0.0	-1.0	0.0	-1.0
126.0	6	20.19	4.18	1	0.0	-1.0	0.0	-1.0	0.0	-1.0	0.0	-1.0	0.0	-1.0	0.0	-1.0	0.0	-1.0	0.0	-1.0	1.0	3.759
126.0	13	17.0	31.41	1	0.0	-1.0	0.0	-1.0	0.0	-1.0	0.0	-1.0	0.0	-1.0	0.0	-1.0	0.0	-1.0	0.0	-1.0	0.0	-1.0
126.0	8	-6.23	34.09	1	0.0	-1.0	0.0	-1.0	1.0	3.645	0.0	-1.0	0.0	-1.0	0.0	-1.0	0.0	-1.0	0.0	-1.0	0.0	-1.0
127.0	13	16.62	31.12	1	0.0	-1.0	0.0	-1.0	0.0	-1.0	0.0	-1.0	0.0	-1.0	0.0	-1.0	0.0	-1.0	0.0	-1.0	0.0	-1.0
127.0	8	-6.3	34.58	1	0.0	-1.0	0.0	-1.0	1.0	3.684	0.0	-1.0	0.0	-1.0	0.0	-1.0	0.0	-1.0	0.0	-1.0	0.0	-1.0
127.0	11	0.07	30.2	1	1.0	2.159	1.0	1.213	1.0	1.079	1.0	2.301	1.0	1.016	1.0	1.036	0.0	-1.0	0.0	-1.0	0.0	-1.0
127.0	6	20.21	4.24	1	0.0	-1.0	0.0	-1.0	0.0	-1.0	0.0	-1.0	0.0	-1.0	0.0	-1.0	0.0	-1.0	0.0	-1.0	1.0	3.729
128.0	8	-6.37	35.08	1	0.0	-1.0	0.0	-1.0	1.0	3.706	0.0	-1.0	0.0	-1.0	0.0	-1.0	0.0	-1.0	0.0	-1.0	0.0	-1.0
128.0	6	20.23	4.31	1	0.0	-1.0	0.0	-1.0	0.0	-1.0	0.0	-1.0	0.0	-1.0	0.0	-1.0	0.0	-1.0	0.0	-1.0	1.0	3.699
128.0	11	-0.5	30.2	1	1.0	2.583	1.0	0.845	1.0	1.108	1.0	2.884	1.0	0.634	1.0	0.894	0.0	-1.0	0.0	-1.0	0.0	-1.0
128.0	13	16.25	30.85	1	0.0	-1.0	0.0	-1.0	0.0	-1.0	0.0	-1.0	0.0	-1.0	0.0	-1.0	0.0	-1.0	0.0	-1.0	0.0	-1.0
129.0	6	20.25	4.38	1	0.0	-1.0	0.0	-1.0	0.0	-1.0	0.0	-1.0	0.0	-1.0	0.0	-1.0	0.0	-1.0	0.0	-1.0	1.0	3.699
129.0	13	15.87	30.56	1	0.0	-1.0	0.0	-1.0	0.0	-1.0	0.0	-1.0	0.0	-1.0	0.0	-1.0	0.0	-1.0	0.0	-1.0	0.0	-1.0
129.0	11	-1.01	30.2	1	1.0	3.218	1.0	0.749	1.0	1.142	0.0	-1.0	1.0	0.529	1.0	0.948	0.0	-1.0	0.0	-1.0	0.0	-1.0
129.0	8	-6.4	35.57	1	0.0	-1.0	0.0	-1.0	1.0	3.73	0.0	-1.0	0.0	-1.0	0.0	-1.0	0.0	-1.0	0.0	-1.0	0.0	-1.0
130.0	13	15.51	30.28	1	0.0	-1.0	0.0	-1.0	0.0	-1.0	0.0	-1.0	0.0	-1.0	0.0	-1.0	0.0	-1.0	0.0	-1.0	0.0	-1.0
130.0	6	20.26	4.44	1	0.0	-1.0	0.0	-1.0	0.0	-1.0	0.0	-1.0	0.0	-1.0	0.0	-1.0	0.0	-1.0	0.0	-1.0	1.0	3.669
130.0	11	-1.51	30.2	1	1.0	1.14	1.0	0.746	1.0	1.18	0.0	-1.0	1.0	0.592	1.0	1.003	0.0	-1.0	0.0	-1.0	0.0	-1.0
130.0	8	-6.45	36.09	1	0.0	-1.0	0.0	-1.0	1.0	3.747	0.0	-1.0	0.0	-1.0	0.0	-1.0	0.0	-1.0	0.0	-1.0	0.0	-1.0
131.0	6	20.28	4.51	1	0.0	-1.0	0.0	-1.0	0.0	-1.0	0.0	-1.0	0.0	-1.0	0.0	-1.0	0.0	-1.0	0.0	-1.0	1.0	3.639
131.0	13	15.07	30.11	1	0.0	-1.0	0.0	-1.0	0.0	-1.0	0.0	-1.0	0.0	-1.0	0.0	-1.0	0.0	-1.0	0.0	-1.0	0.0	-1.0
131.0	12	-2.07	30.04	1	1.0	1.259	1.0	0.89	0.0	-1.0	1.0	1.144	1.0	0.828	0.0	-1.0	0.0	-1.0	0.0	-1.0	0.0	-1.0
131.0	9	-6.52	36.58	1	0.0	-1.0	0.0	-1.0	0.0	-1.0	0.0	-1.0	0.0	-1.0	0.0	-1.0	0.0	-1.0	0.0	-1.0	0.0	-1.0
132.0	9	-6.54	37.08	1	0.0	-1.0	0.0	-1.0	0.0	-1.0	0.0	-1.0	0.0	-1.0	0.0	-1.0	0.0	-1.0	0.0	-1.0	0.0	-1.0
132.0	12	-2.58	30.04	1	1.0	1.259	1.0	0.907	0.0	-1.0	1.0	1.189	1.0	0.949	0.0	-1.0	0.0	-1.0	0.0	-1.0	0.0	-1.0
132.0	13	14.64	29.98	1	0.0	-1.0	0.0	-1.0	0.0	-1.0	0.0	-1.0	0.0	-1.0	0.0	-1.0	0.0	-1.0	0.0	-1.0	0.0	-1.0
133.0	9	-6.61	37.59	1	0.0	-1.0	0.0	-1.0	0.0	-1.0	0.0	-1.0	0.0	-1.0	0.0	-1.0	0.0	-1.0	0.0	-1.0	0.0	-1.0
133.0	12	-3.15	30.04	1	1.0	1.259	1.0	1.144	0.0	-1.0	1.0	1.311	0.0	-1.0	0.0	-1.0	0.0	-1.0	0.0	-1.0	0.0	-1.0
133.0	13	14.26	29.84	1	0.0	-1.0	0.0	-1.0	0.0	-1.0	0.0	-1.0	0.0	-1.0	0.0	-1.0	0.0	-1.0	0.0	-1.0	0.0	-1.0
134.0	9	-6.68	38.07	1	0.0	-1.0	0.0	-1.0	0.0	-1.0	0.0	-1.0	0.0	-1.0	0.0	-1.0	0.0	-1.0	0.0	-1.0	0.0	-1.0
134.0	12	-3.65	30.04	1	1.0	1.52	0.0	-1.0	0.0	-1.0	1.0	1.703	0.0	-1.0	0.0	-1.0	0.0	-1.0	0.0	-1.0	0.0	-1.0
134.0	13	13.82	29.7	1	0.0	-1.0	0.0	-1.0	0.0	-1.0	0.0	-1.0	0.0	-1.0	0.0	-1.0	0.0	-1.0	0.0	-1.0	0.0	-1.0
135.0	9	-6.71	38.59	1	0.0	-1.0	0.0	-1.0	0.0	-1.0	0.0	-1.0	0.0	-1.0	0.0	-1.0	0.0	-1.0	0.0	-1.0	0.0	-1.0
135.0	12	-4.16	29.91	1	1.0	2.028	0.0	-1.0	0.0	-1.0	1.0	2.051	0.0	-1.0	0.0	-1.0	0.0	-1.0	0.0	-1.0	0.0	-1.0
135.0	14	13.44	29.57	1	0.0	-1.0	0.0	-1.0	0.0	-1.0	0.0	-1.0	0.0	-1.0	0.0	-1.0	0.0	-1.0	0.0	-1.0	0.0	-1.0
136.0	9	-6.78	39.1	1	0.0	-1.0	0.0	-1.0	0.0	-1.0	0.0	-1.0	0.0	-1.0	0.0	-1.0	0.0	-1.0	0.0	-1.0	0.0	-1.0
136.0	14	13.01	29.41	1	0.0	-1.0	0.0	-1.0	0.0	-1.0	0.0	-1.0	0.0	-1.0	0.0	-1.0	0.0	-1.0	0.0	-1.0	0.0	-1.0
136.0	12	-4.72	29.91	1	1.0	2.548	0.0	-1.0	0.0	-1.0	0.0	-1.0	0.0	-1.0	0.0	-1.0	0.0	-1.0	0.0	-1.0	0.0	-1.0
137.0	14	12.57	29.41	1	0.0	-1.0	0.0	-1.0	0.0	-1.0	0.0	-1.0	0.0	-1.0	0.0	-1.0	0.0	-1.0	0.0	-1.0	0.0	-1.0
137.0	9	-6.85	39.6	1	0.0	-1.0	0.0	-1.0	0.0	-1.0	0.0	-1.0	0.0	-1.0	0.0	-1.0	0.0	-1.0	0.0	-1.0	0.0	-1.0
137.0	12	-5.22	29.91	1	0.0	-1.0	0.0	-1.0	0.0	-1.0	0.0	-1.0	0.0	-1.0	0.0	-1.0	0.0	-1.0	0.0	-1.0	0.0	-1.0
138.0	12	-5.8	29.91	1	0.0	-1.0	0.0	-1.0	0.0	-1.0	0.0	-1.0	0.0	-1.0	0.0	-1.0	0.0	-1.0	0.0	-1.0	0.0	-1.0
138.0	9	-6.87	40.16	1	0.0	-1.0	0.0	-1.0	0.0	-1.0	0.0	-1.0	0.0	-1.0	0.0	-1.0	0.0	-1.0	0.0	-1.0	0.0	-1.0
138.0	14	12.19	29.26	1	0.0	-1.0	0.0	-1.0	0.0	-1.0	0.0	-1.0	0.0	-1.0	0.0	-1.0	0.0	-1.0	0.0	-1.0	0.0	-1.0
139.0	14	11.74	29.26	1	0.0	-1.0	0.0	-1.0	0.0	-1.0	0.0	-1.0	0.0	-1.0	0.0	-1.0	0.0	-1.0	0.0	-1.0	0.0	-1.0
139.0	12	-6.3	29.77	1	0.0	-1.0	0.0	-1.0	0.0	-1.0	0.0	-1.0	0.0	-1.0	0.0	-1.0	0.0	-1.0	0.0	-1.0	0.0	-1.0
139.0	9	-6.92	40.61	1	0.0	-1.0	0.0	-1.0	0.0	-1.0	0.0	-1.0	0.0	-1.0	0.0	-1.0	0.0	-1.0	0.0	-1.0	0.0	-1.0
140.0	14	11.3	29.26	1	0.0	-1.0	0.0	-1.0	0.0	-1.0	0.0	-1.0	0.0	-1.0	0.0	-1.0	0.0	-1.0	0.0	-1.0	0.0	-1.0
140.0	12	-6.8	29.77	1	0.0	-1.0	0.0	-1.0	0.0	-1.0	0.0	-1.0	0.0	-1.0	0.0	-1.0	0.0	-1.0	0.0	-1.0	0.0	-1.0
140.0	9	-6.98	41.1	1	0.0	-1.0	0.0	-1.0	0.0	-1.0	0.0	-1.0	0.0	-1.0	0.0	-1.0	0.0	-1.0	0.0	-1.0	0.0	-1.0
141.0	14	10.79	29.41	1	0.0	-1.0	0.0	-1.0	0.0	-1.0	0.0	-1.0	0.0	-1.0	0.0	-1.0	0.0	-1.0	0.0	-1.0	0.0	-1.0
141.0	12	-7.38	29.77	1	0.0	-1.0	0.0	-1.0	0.0	-1.0	0.0	-1.0	0.0	-1.0	0.0	-1.0	0.0	-1.0	0.0	-1.0	0.0	-1.0
141.0	9	-7.02	41.6	1	0.0	-1.0	0.0	-1.0	0.0	-1.0	0.0	-1.0	0.0	-1.0	0.0	-1.0	0.0	-1.0	0.0	-1.0	0.0	-1.0
142.0	12	-7.88	29.77	1	0.0	-1.0	0.0	-1.0	0.0	-1.0	0.0	-1.0	0.0	-1.0	0.0	-1.0	0.0	-1.0	0.0	-1.0	0.0	-1.0
142.0	14	10.34	29.41	1	0.0	-1.0	0.0	-1.0	0.0	-1.0	0.0	-1.0	0.0	-1.0	0.0	-1.0	0.0	-1.0	0.0	-1.0	0.0	-1.0
142.0	9	-7.09	42.11	1	0.0	-1.0	0.0	-1.0	0.0	-1.0	0.0	-1.0	0.0	-1.0	0.0	-1.0	0.0	-1.0	0.0	-1.0	0.0	-1.0
143.0	12	-8.44	29.63	1	0.0	-1.0	0.0	-1.0	1.0	2.997	0.0	-1.0	0.0	-1.0	0.0	-1.0	0.0	-1.0	0.0	-1.0	0.0	-1.0
143.0	14	9.9	29.57	1	0.0	-1.0	0.0	-1.0	0.0	-1.0	0.0	-1.0	0.0	-1.0	0.0	-1.0	0.0	-1.0	0.0	-1.0	0.0	-1.0
143.0	9	-7.16	42.61	1	0.0	-1.0	0.0	-1.0	0.0	-1.0	0.0	-1.0	0.0	-1.0	0.0	-1.0	0.0	-1.0	0.0	-1.0	0.0	-1.0
144.0	9	-7.17	43.11	1	0.0	-1.0	0.0	-1.0	0.0	-1.0	0.0	-1.0	0.0	-1.0	0.0	-1.0	0.0	-1.0	0.0	-1.0	0.0	-1.0
144.0	12	-8.95	29.63	1	0.0	-1.0	0.0	-1.0	1.0	2.623	0.0	-1.0	0.0	-1.0	0.0	-1.0	0.0	-1.0	0.0	-1.0	0.0	-1.0
144.0	14	9.47	29.57	1	0.0	-1.0	0.0	-1.0	1.0	3.488	0.0	-1.0	0.0	-1.0	0.0	-1.0	0.0	-1.0	0.0	-1.0	0.0	-1.0
145.0	14	9.04	29.57	1	0.0	-1.0	0.0	-1.0	1.0	3.161	0.0	-1.0	0.0	-1.0	0.0	-1.0	0.0	-1.0	0.0	-1.0	0.0	-1.0
145.0	12	-9.45	29.63	1	0.0	-1.0	0.0	-1.0	1.0	2.43	0.0	-1.0	0.0	-1.0	0.0	-1.0	0.0	-1.0	0.0	-1.0	0.0	-1.0
145.0	9	-7.24	43.62	1	0.0	-1.0	0.0	-1.0	0.0	-1.0	0.0	-1.0	0.0	-1.0	0.0	-1.0	0.0	-1.0	0.0	-1.0	1.0	3.349
146.0	14	8.65	29.57	1	0.0	-1.0	0.0	-1.0	1.0	2.845	0.0	-1.0	0.0	-1.0	0.0	-1.0	0.0	-1.0	0.0	-1.0	0.0	-1.0
146.0	12	-10.02	29.63	1	0.0	-1.0	1.0	2.038	1.0	2.044	0.0	-1.0	0.0	-1.0	0.0	-1.0	0.0	-1.0	0.0	-1.0	0.0	-1.0
146.0	9	-7.31	44.12	1	0.0	-1.0	0.0	-1.0	0.0	-1.0	0.0	-1.0	0.0	-1.0	0.0	-1.0	0.0	-1.0	0.0	-1.0	1.0	2.996
147.0	9	-7.38	44.7	1	0.0	-1.0	0.0	-1.0	0.0	-1.0	0.0	-1.0	0.0	-1.0	0.0	-1.0	0.0	-1.0	0.0	-1.0	1.0	2.796
147.0	14	8.27	29.57	1	0.0	-1.0	0.0	-1.0	1.0	2.566	0.0	-1.0	0.0	-1.0	0.0	-1.0	0.0	-1.0	0.0	-1.0	0.0	-1.0
147.0	12	-10.65	29.7	1	0.0	-1.0	1.0	1.818	1.0	1.959	0.0	-1.0	0.0	-1.0	0.0	-1.0	0.0	-1.0	0.0	-1.0	0.0	-1.0
148.0	12	-11.21	29.77	1	0.0	-1.0	1.0	1.678	1.0	1.921	0.0	-1.0	0.0	-1.0	0.0	-1.0	0.0	-1.0	0.0	-1.0	0.0	-1.0
148.0	9	-7.43	45.42	1	0.0	-1.0	0.0	-1.0	0.0	-1.0	0.0	-1.0	0.0	-1.0	0.0	-1.0	0.0	-1.0	1.0	2.498	1.0	2.369
148.0	14	7.84	29.57	1	0.0	-1.0	0.0	-1.0	1.0	2.28	0.0	-1.0	0.0	-1.0	0.0	-1.0	0.0	-1.0	0.0	-1.0	0.0	-1.0
149.0	12	-11.85	29.91	1	1.0	1.935	1.0	1.496	1.0	1.919	0.0	-1.0	0.0	-1.0	0.0	-1.0	0.0	-1.0	0.0	-1.0	0.0	-1.0
149.0	9	-7.5	45.98	1	0.0	-1.0	0.0	-1.0	0.0	-1.0	0.0	-1.0	0.0	-1.0	1.0	2.341	0.0	-1.0	1.0	2.03	1.0	1.989
149.0	14	7.45	29.57	1	0.0	-1.0	1.0	2.181	1.0	2.033	0.0	-1.0	0.0	-1.0	0.0	-1.0	0.0	-1.0	0.0	-1.0	0.0	-1.0
150.0	14	7.07	29.57	1	0.0	-1.0	1.0	1.857	1.0	1.914	0.0	-1.0	0.0	-1.0	0.0	-1.0	0.0	-1.0	0.0	-1.0	0.0	-1.0
150.0	9	-7.57	46.55	1	0.0	-1.0	0.0	-1.0	0.0	-1.0	0.0	-1.0	0.0	-1.0	1.0	1.625	1.0	2.546	1.0	1.613	1.0	1.608
150.0	12	-12.41	30.04	1	0.0	-1.0	0.0	-1.0	0.0	-1.0	0.0	-1.0	0.0	-1.0	0.0	-1.0	0.0	-1.0	0.0	-1.0	0.0	-1.0
151.0	14	6.64	29.57	1	0.0	-1.0	1.0	1.739	1.0	1.914	0.0	-1.0	0.0	-1.0	0.0	-1.0	0.0	-1.0	0.0	-1.0	0.0	-1.0
152.0	14	6.25	29.41	1	0.0	-1.0	1.0	1.883	1.0	2.048	0.0	-1.0	0.0	-1.0	0.0	-1.0	0.0	-1.0	0.0	-1.0	0.0	-1.0
153.0	14	5.87	29.41	1	1.0	2.457	1.0	1.859	1.0	2.08	0.0	-1.0	0.0	-1.0	0.0	-1.0	0.0	-1.0	0.0	-1.0	0.0	-1.0
154.0	14	5.44	29.41	1	1.0	2.036	1.0	1.837	1.0	2.396	0.0	-1.0	0.0	-1.0	0.0	-1.0	0.0	-1.0	0.0	-1.0	0.0	-1.0
