0.0	0	-0.57	-0.32	1	1.0	2.156	1.0	1.932	1.0	1.951	0.0	-1.0	0.0	-1.0	0.0	-1.0	0.0	-1.0	0.0	-1.0	0.0	-1.0
0.0	12	-1.63	13.77	1	0.0	-1.0	0.0	-1.0	0.0	-1.0	0.0	-1.0	0.0	-1.0	0.0	-1.0	0.0	-1.0	0.0	-1.0	0.0	-1.0
0.0	14	-1.73	14.71	1	0.0	-1.0	0.0	-1.0	0.0	-1.0	0.0	-1.0	0.0	-1.0	0.0	-1.0	0.0	-1.0	0.0	-1.0	0.0	-1.0
0.0	16	23.68	-5.4	1	1.0	1.99	1.0	0.276	0.0	-1.0	0.0	-1.0	1.0	0.276	1.0	0.305	0.0	-1.0	1.0	1.031	1.0	1.343
0.0	17	0.34	5.26	1	0.0	-1.0	0.0	-1.0	1.0	3.248	0.0	-1.0	0.0	-1.0	0.0	-1.0	0.0	-1.0	1.0	2.618	1.0	2.984
0.0	19	8.28	11.49	1	0.0	-1.0	0.0	-1.0	0.0	-1.0	0.0	-1.0	0.0	-1.0	0.0	-1.0	0.0	-1.0	0.0	-1.0	0.0	-1.0
0.0	21	-1.45	9.26	1	0.0	-1.0	0.0	-1.0	0.0	-1.0	0.0	-1.0	0.0	-1.0	0.0	-1.0	0.0	-1.0	0.0	-1.0	0.0	-1.0
0.0	24	17.81	9.91	1	1.0	2.239	1.0	2.22	1.0	2.707	0.0	-1.0	0.0	-1.0	0.0	-1.0	0.0	-1.0	0.0	-1.0	0.0	-1.0
0.0	26	17.7	8.62	1	0.0	-1.0	0.0	-1.0	0.0	-1.0	0.0	-1.0	0.0	-1.0	0.0	-1.0	0.0	-1.0	0.0	-1.0	0.0	-1.0
0.0	28	-20.34	10.27	1	0.0	-1.0	0.0	-1.0	0.0	-1.0	0.0	-1.0	0.0	-1.0	0.0	-1.0	0.0	-1.0	0.0	-1.0	0.0	-1.0
0.0	30	-20.41	9.35	1	0.0	-1.0	0.0	-1.0	0.0	-1.0	0.0	-1.0	0.0	-1.0	0.0	-1.0	0.0	-1.0	0.0	-1.0	0.0	-1.0
0.0	46	3.89	-3.52	1	0.0	-1.0	0.0	-1.0	0.0	-1.0	0.0	-1.0	0.0	-1.0	0.0	-1.0	0.0	-1.0	0.0	-1.0	0.0	-1.0
0.0	32	9.63	10.92	1	0.0	-1.0	0.0	-1.0	0.0	-1.0	0.0	-1.0	0.0	-1.0	0.0	-1.0	0.0	-1.0	0.0	-1.0	0.0	-1.0
0.0	34	17.35	-3.24	1	1.0	2.4	1.0	2.387	1.0	3.556	0.0	-1.0	0.0	-1.0	0.0	-1.0	0.0	-1.0	1.0	2.89	1.0	2.893
0.0	36	1.73	-1.19	1	0.0	-1.0	0.0	-1.0	0.0	-1.0	0.0	-1.0	0.0	-1.0	0.0	-1.0	0.0	-1.0	0.0	-1.0	0.0	-1.0
0.0	38	1.2	12.48	1	0.0	-1.0	0.0	-1.0	0.0	-1.0	0.0	-1.0	0.0	-1.0	0.0	-1.0	1.0	2.034	1.0	1.978	0.0	-1.0
0.0	40	0.55	12.64	1	0.0	-1.0	0.0	-1.0	0.0	-1.0	0.0	-1.0	0.0	-1.0	0.0	-1.0	1.0	2.656	1.0	2.65	0.0	-1.0
0.0	42	1.08	26.5	1	0.0	-1.0	0.0	-1.0	0.0	-1.0	0.0	-1.0	0.0	-1.0	0.0	-1.0	1.0	2.16	1.0	2.001	1.0	2.175
0.0	10	-2.58	13.49	1	0.0	-1.0	0.0	-1.0	0.0	-1.0	0.0	-1.0	0.0	-1.0	0.0	-1.0	0.0	-1.0	0.0	-1.0	0.0	-1.0
0.0	8	-3.43	13.49	4	0.0	-1.0	0.0	-1.0	0.0	-1.0	0.0	-1.0	0.0	-1.0	0.0	-1.0	0.0	-1.0	0.0	-1.0	0.0	-1.0
0.0	44	-22.37	5.47	1	0.0	-1.0	0.0	-1.0	0.0	-1.0	0.0	-1.0	0.0	-1.0	0.0	-1.0	0.0	-1.0	0.0	-1.0	0.0	-1.0
1.0	8	-3.43	13.49	4	0.0	-1.0	0.0	-1.0	0.0	-1.0	0.0	-1.0	0.0	-1.0	0.0	-1.0	0.0	-1.0	0.0	-1.0	0.0	-1.0
1.0	12	-1.63	13.77	1	0.0	-1.0	0.0	-1.0	0.0	-1.0	0.0	-1.0	0.0	-1.0	0.0	-1.0	0.0	-1.0	0.0	-1.0	0.0	-1.0
1.0	44	-21.81	5.47	1	0.0	-1.0	0.0	-1.0	0.0	-1.0	0.0	-1.0	0.0	-1.0	0.0	-1.0	0.0	-1.0	0.0	-1.0	0.0	-1.0
1.0	24	17.31	9.77	1	1.0	2.385	1.0	2.374	1.0	3.125	0.0	-1.0	0.0	-1.0	0.0	-1.0	0.0	-1.0	0.0	-1.0	0.0	-1.0
1.0	30	-19.91	9.35	1	0.0	-1.0	0.0	-1.0	0.0	-1.0	0.0	-1.0	0.0	-1.0	0.0	-1.0	0.0	-1.0	0.0	-1.0	0.0	-1.0
1.0	38	1.13	11.91	1	0.0	-1.0	0.0	-1.0	0.0	-1.0	0.0	-1.0	0.0	-1.0	0.0	-1.0	1.0	2.177	1.0	2.17	0.0	-1.0
1.0	14	-1.73	14.71	1	0.0	-1.0	0.0	-1.0	0.0	-1.0	0.0	-1.0	0.0	-1.0	0.0	-1.0	0.0	-1.0	0.0	-1.0	0.0	-1.0
1.0	21	-1.52	9.7	1	0.0	-1.0	0.0	-1.0	0.0	-1.0	0.0	-1.0	0.0	-1.0	0.0	-1.0	0.0	-1.0	0.0	-1.0	1.0	3.336
1.0	10	-2.58	13.49	1	0.0	-1.0	0.0	-1.0	0.0	-1.0	0.0	-1.0	0.0	-1.0	0.0	-1.0	0.0	-1.0	0.0	-1.0	0.0	-1.0
1.0	16	23.83	-5.68	4	1.0	1.633	1.0	0.444	0.0	-1.0	1.0	0.206	1.0	0.035	1.0	0.285	0.0	-1.0	1.0	0.844	1.0	1.494
1.0	40	0.48	12.05	1	0.0	-1.0	0.0	-1.0	0.0	-1.0	0.0	-1.0	0.0	-1.0	0.0	-1.0	1.0	2.822	1.0	2.826	0.0	-1.0
1.0	42	1.04	25.93	1	0.0	-1.0	0.0	-1.0	0.0	-1.0	0.0	-1.0	0.0	-1.0	0.0	-1.0	1.0	2.16	1.0	2.012	1.0	2.192
1.0	46	3.89	-3.52	1	0.0	-1.0	0.0	-1.0	0.0	-1.0	0.0	-1.0	0.0	-1.0	0.0	-1.0	0.0	-1.0	0.0	-1.0	0.0	-1.0
1.0	0	-0.42	-0.9	1	1.0	2.045	1.0	1.82	1.0	1.85	0.0	-1.0	0.0	-1.0	0.0	-1.0	0.0	-1.0	0.0	-1.0	0.0	-1.0
1.0	28	-19.84	10.27	1	0.0	-1.0	0.0	-1.0	0.0	-1.0	0.0	-1.0	0.0	-1.0	0.0	-1.0	0.0	-1.0	0.0	-1.0	0.0	-1.0
1.0	32	9.63	10.92	1	0.0	-1.0	0.0	-1.0	0.0	-1.0	0.0	-1.0	0.0	-1.0	0.0	-1.0	0.0	-1.0	0.0	-1.0	0.0	-1.0
1.0	26	17.2	8.62	1	0.0	-1.0	0.0	-1.0	0.0	-1.0	0.0	-1.0	0.0	-1.0	0.0	-1.0	0.0	-1.0	0.0	-1.0	0.0	-1.0
1.0	17	0.19	4.41	1	0.0	-1.0	0.0	-1.0	1.0	3.142	0.0	-1.0	0.0	-1.0	0.0	-1.0	0.0	-1.0	1.0	2.68	1.0	3.498
1.0	6	19.54	46.96	1	0.0	-1.0	0.0	-1.0	0.0	-1.0	0.0	-1.0	0.0	-1.0	0.0	-1.0	0.0	-1.0	0.0	-1.0	0.0	-1.0
1.0	19	8.28	11.49	1	0.0	-1.0	0.0	-1.0	0.0	-1.0	0.0	-1.0	0.0	-1.0	0.0	-1.0	0.0	-1.0	0.0	-1.0	0.0	-1.0
1.0	34	16.99	-3.38	1	1.0	2.525	1.0	2.544	1.0	3.853	0.0	-1.0	0.0	-1.0	0.0	-1.0	0.0	-1.0	1.0	2.786	1.0	2.767
1.0	36	1.73	-1.19	1	0.0	-1.0	0.0	-1.0	0.0	-1.0	0.0	-1.0	0.0	-1.0	0.0	-1.0	0.0	-1.0	0.0	-1.0	0.0	-1.0
2.0	0	-0.19	-1.47	1	1.0	1.891	1.0	1.807	1.0	1.855	0.0	-1.0	0.0	-1.0	0.0	-1.0	0.0	-1.0	1.0	3.084	0.0	-1.0
2.0	6	19.82	46.82	1	0.0	-1.0	0.0	-1.0	0.0	-1.0	0.0	-1.0	0.0	-1.0	0.0	-1.0	0.0	-1.0	0.0	-1.0	0.0	-1.0
2.0	12	-1.63	13.77	1	0.0	-1.0	0.0	-1.0	0.0	-1.0	0.0	-1.0	0.0	-1.0	0.0	-1.0	0.0	-1.0	0.0	-1.0	0.0	-1.0
2.0	24	16.82	9.77	1	1.0	2.449	1.0	2.424	1.0	2.63	0.0	-1.0	0.0	-1.0	0.0	-1.0	0.0	-1.0	0.0	-1.0	0.0	-1.0
2.0	30	-19.33	9.35	1	0.0	-1.0	0.0	-1.0	0.0	-1.0	0.0	-1.0	0.0	-1.0	0.0	-1.0	0.0	-1.0	0.0	-1.0	0.0	-1.0
2.0	19	8.28	11.49	1	0.0	-1.0	0.0	-1.0	0.0	-1.0	0.0	-1.0	0.0	-1.0	0.0	-1.0	0.0	-1.0	0.0	-1.0	0.0	-1.0
2.0	14	-1.73	14.71	1	0.0	-1.0	0.0	-1.0	0.0	-1.0	0.0	-1.0	0.0	-1.0	0.0	-1.0	0.0	-1.0	0.0	-1.0	0.0	-1.0
2.0	21	-1.59	10.14	1	0.0	-1.0	0.0	-1.0	0.0	-1.0	0.0	-1.0	0.0	-1.0	0.0	-1.0	0.0	-1.0	0.0	-1.0	1.0	2.583
2.0	17	0.12	3.7	1	0.0	-1.0	0.0	-1.0	1.0	3.114	0.0	-1.0	0.0	-1.0	0.0	-1.0	1.0	2.812	1.0	2.718	1.0	3.563
2.0	36	1.73	-1.19	1	0.0	-1.0	0.0	-1.0	0.0	-1.0	0.0	-1.0	0.0	-1.0	0.0	-1.0	0.0	-1.0	0.0	-1.0	0.0	-1.0
2.0	32	9.63	10.92	1	0.0	-1.0	0.0	-1.0	0.0	-1.0	0.0	-1.0	0.0	-1.0	0.0	-1.0	0.0	-1.0	0.0	-1.0	0.0	-1.0
2.0	16	24.0	-5.82	4	1.0	1.326	1.0	1.178	0.0	-1.0	1.0	0.712	1.0	0.181	1.0	2.258	0.0	-1.0	1.0	0.737	1.0	1.753
2.0	46	3.89	-3.52	1	0.0	-1.0	0.0	-1.0	0.0	-1.0	0.0	-1.0	0.0	-1.0	0.0	-1.0	0.0	-1.0	0.0	-1.0	0.0	-1.0
2.0	34	16.71	-3.38	1	1.0	2.546	1.0	2.518	1.0	3.406	0.0	-1.0	0.0	-1.0	0.0	-1.0	1.0	3.682	1.0	2.788	1.0	2.887
2.0	40	0.41	11.49	1	0.0	-1.0	0.0	-1.0	0.0	-1.0	0.0	-1.0	0.0	-1.0	0.0	-1.0	1.0	3.024	0.0	-1.0	0.0	-1.0
2.0	38	1.13	11.35	1	0.0	-1.0	0.0	-1.0	0.0	-1.0	0.0	-1.0	0.0	-1.0	0.0	-1.0	1.0	2.407	0.0	-1.0	0.0	-1.0
2.0	8	-3.43	13.49	4	0.0	-1.0	0.0	-1.0	0.0	-1.0	0.0	-1.0	0.0	-1.0	0.0	-1.0	0.0	-1.0	0.0	-1.0	0.0	-1.0
2.0	26	16.71	8.62	1	0.0	-1.0	0.0	-1.0	0.0	-1.0	0.0	-1.0	0.0	-1.0	0.0	-1.0	0.0	-1.0	0.0	-1.0	0.0	-1.0
2.0	10	-2.58	13.49	1	0.0	-1.0	0.0	-1.0	0.0	-1.0	0.0	-1.0	0.0	-1.0	0.0	-1.0	0.0	-1.0	0.0	-1.0	0.0	-1.0
2.0	44	-21.24	5.47	1	0.0	-1.0	0.0	-1.0	0.0	-1.0	0.0	-1.0	0.0	-1.0	0.0	-1.0	0.0	-1.0	0.0	-1.0	0.0	-1.0
2.0	42	1.04	25.36	1	0.0	-1.0	0.0	-1.0	0.0	-1.0	0.0	-1.0	0.0	-1.0	0.0	-1.0	1.0	2.419	1.0	2.036	1.0	2.187
2.0	28	-19.26	10.27	1	0.0	-1.0	0.0	-1.0	0.0	-1.0	0.0	-1.0	0.0	-1.0	0.0	-1.0	0.0	-1.0	0.0	-1.0	0.0	-1.0
3.0	6	20.05	46.68	1	0.0	-1.0	0.0	-1.0	0.0	-1.0	0.0	-1.0	0.0	-1.0	0.0	-1.0	0.0	-1.0	0.0	-1.0	0.0	-1.0
3.0	28	-18.69	10.35	1	0.0	-1.0	0.0	-1.0	0.0	-1.0	0.0	-1.0	0.0	-1.0	0.0	-1.0	1.0	2.347	1.0	2.102	1.0	2.391
3.0	14	-1.73	14.71	1	0.0	-1.0	0.0	-1.0	0.0	-1.0	0.0	-1.0	0.0	-1.0	0.0	-1.0	0.0	-1.0	0.0	-1.0	0.0	-1.0
3.0	42	1.04	24.94	1	0.0	-1.0	0.0	-1.0	0.0	-1.0	0.0	-1.0	0.0	-1.0	0.0	-1.0	1.0	2.475	1.0	1.985	1.0	2.183
3.0	16	24.18	-5.97	4	1.0	1.145	0.0	-1.0	0.0	-1.0	1.0	0.909	1.0	0.3	1.0	2.097	0.0	-1.0	1.0	1.199	1.0	1.808
3.0	38	1.06	10.78	1	0.0	-1.0	0.0	-1.0	0.0	-1.0	0.0	-1.0	0.0	-1.0	0.0	-1.0	1.0	2.891	0.0	-1.0	0.0	-1.0
3.0	0	0.02	-2.04	1	1.0	1.869	1.0	1.879	1.0	2.061	0.0	-1.0	0.0	-1.0	0.0	-1.0	0.0	-1.0	1.0	3.108	0.0	-1.0
3.0	44	-20.66	5.47	1	0.0	-1.0	0.0	-1.0	0.0	-1.0	0.0	-1.0	0.0	-1.0	0.0	-1.0	0.0	-1.0	0.0	-1.0	0.0	-1.0
3.0	21	-1.66	10.64	1	0.0	-1.0	0.0	-1.0	0.0	-1.0	0.0	-1.0	0.0	-1.0	1.0	2.214	0.0	-1.0	0.0	-1.0	1.0	2.206
3.0	10	-2.58	13.49	1	0.0	-1.0	0.0	-1.0	0.0	-1.0	0.0	-1.0	0.0	-1.0	0.0	-1.0	0.0	-1.0	0.0	-1.0	0.0	-1.0
3.0	30	-18.76	9.35	1	0.0	-1.0	0.0	-1.0	0.0	-1.0	0.0	-1.0	0.0	-1.0	0.0	-1.0	0.0	-1.0	0.0	-1.0	0.0	-1.0
3.0	40	0.34	10.92	1	0.0	-1.0	0.0	-1.0	0.0	-1.0	0.0	-1.0	0.0	-1.0	0.0	-1.0	1.0	3.329	0.0	-1.0	0.0	-1.0
3.0	32	9.63	10.92	1	0.0	-1.0	0.0	-1.0	0.0	-1.0	0.0	-1.0	0.0	-1.0	0.0	-1.0	0.0	-1.0	0.0	-1.0	0.0	-1.0
3.0	36	1.73	-1.19	1	0.0	-1.0	0.0	-1.0	0.0	-1.0	0.0	-1.0	0.0	-1.0	0.0	-1.0	0.0	-1.0	0.0	-1.0	0.0	-1.0
3.0	34	16.41	-3.52	1	1.0	2.673	1.0	2.675	0.0	-1.0	0.0	-1.0	0.0	-1.0	0.0	-1.0	1.0	3.505	1.0	2.692	1.0	2.674
3.0	46	3.89	-3.52	1	0.0	-1.0	0.0	-1.0	0.0	-1.0	0.0	-1.0	0.0	-1.0	0.0	-1.0	0.0	-1.0	0.0	-1.0	0.0	-1.0
3.0	26	16.2	8.62	1	0.0	-1.0	0.0	-1.0	0.0	-1.0	0.0	-1.0	0.0	-1.0	0.0	-1.0	0.0	-1.0	0.0	-1.0	0.0	-1.0
3.0	8	-3.43	13.49	4	0.0	-1.0	0.0	-1.0	0.0	-1.0	0.0	-1.0	0.0	-1.0	0.0	-1.0	0.0	-1.0	0.0	-1.0	0.0	-1.0
3.0	17	-0.02	2.9	1	0.0	-1.0	1.0	2.936	1.0	2.985	0.0	-1.0	0.0	-1.0	0.0	-1.0	1.0	2.895	1.0	2.854	0.0	-1.0
3.0	12	-1.63	13.77	1	0.0	-1.0	0.0	-1.0	0.0	-1.0	0.0	-1.0	0.0	-1.0	0.0	-1.0	0.0	-1.0	0.0	-1.0	0.0	-1.0
3.0	24	16.37	9.77	1	1.0	2.529	1.0	2.424	1.0	2.608	0.0	-1.0	0.0	-1.0	0.0	-1.0	0.0	-1.0	0.0	-1.0	0.0	-1.0
3.0	19	8.28	11.49	1	0.0	-1.0	0.0	-1.0	0.0	-1.0	0.0	-1.0	0.0	-1.0	0.0	-1.0	0.0	-1.0	0.0	-1.0	0.0	-1.0
4.0	32	9.63	10.92	1	0.0	-1.0	0.0	-1.0	0.0	-1.0	0.0	-1.0	0.0	-1.0	0.0	-1.0	0.0	-1.0	0.0	-1.0	0.0	-1.0
4.0	8	-3.43	13.49	4	0.0	-1.0	0.0	-1.0	0.0	-1.0	0.0	-1.0	0.0	-1.0	0.0	-1.0	0.0	-1.0	0.0	-1.0	0.0	-1.0
4.0	26	15.77	8.62	1	0.0	-1.0	0.0	-1.0	0.0	-1.0	0.0	-1.0	0.0	-1.0	0.0	-1.0	0.0	-1.0	0.0	-1.0	0.0	-1.0
4.0	6	20.34	46.54	1	0.0	-1.0	0.0	-1.0	0.0	-1.0	0.0	-1.0	0.0	-1.0	0.0	-1.0	0.0	-1.0	0.0	-1.0	0.0	-1.0
4.0	19	8.28	11.49	1	0.0	-1.0	0.0	-1.0	0.0	-1.0	0.0	-1.0	0.0	-1.0	0.0	-1.0	0.0	-1.0	0.0	-1.0	0.0	-1.0
4.0	17	-0.09	2.11	1	0.0	-1.0	1.0	2.901	1.0	2.936	0.0	-1.0	0.0	-1.0	0.0	-1.0	1.0	3.033	1.0	2.931	0.0	-1.0
4.0	42	1.04	24.37	1	0.0	-1.0	0.0	-1.0	0.0	-1.0	0.0	-1.0	0.0	-1.0	0.0	-1.0	1.0	2.616	1.0	1.975	1.0	2.668
4.0	0	0.23	-2.6	1	1.0	2.087	1.0	2.086	1.0	2.72	0.0	-1.0	0.0	-1.0	0.0	-1.0	1.0	3.666	0.0	-1.0	0.0	-1.0
4.0	34	16.05	-3.52	1	1.0	2.717	1.0	2.673	1.0	3.879	0.0	-1.0	0.0	-1.0	0.0	-1.0	1.0	3.42	1.0	2.724	1.0	2.777
4.0	16	24.36	-6.25	4	1.0	1.45	0.0	-1.0	0.0	-1.0	1.0	0.696	1.0	0.597	1.0	1.834	0.0	-1.0	1.0	0.802	1.0	1.729
4.0	40	0.27	10.34	1	0.0	-1.0	0.0	-1.0	0.0	-1.0	0.0	-1.0	0.0	-1.0	0.0	-1.0	1.0	3.728	0.0	-1.0	0.0	-1.0
4.0	28	-18.13	10.43	1	0.0	-1.0	0.0	-1.0	0.0	-1.0	0.0	-1.0	0.0	-1.0	0.0	-1.0	1.0	2.415	1.0	2.059	1.0	2.158
4.0	36	1.73	-1.19	1	0.0	-1.0	0.0	-1.0	0.0	-1.0	0.0	-1.0	0.0	-1.0	0.0	-1.0	0.0	-1.0	0.0	-1.0	0.0	-1.0
4.0	10	-2.58	13.49	1	0.0	-1.0	0.0	-1.0	0.0	-1.0	0.0	-1.0	0.0	-1.0	0.0	-1.0	0.0	-1.0	0.0	-1.0	0.0	-1.0
4.0	21	-1.66	11.13	1	0.0	-1.0	0.0	-1.0	0.0	-1.0	0.0	-1.0	0.0	-1.0	0.0	-1.0	0.0	-1.0	0.0	-1.0	1.0	1.834
4.0	46	3.89	-3.52	1	0.0	-1.0	0.0	-1.0	0.0	-1.0	0.0	-1.0	0.0	-1.0	0.0	-1.0	0.0	-1.0	0.0	-1.0	0.0	-1.0
4.0	12	-1.63	13.77	1	0.0	-1.0	0.0	-1.0	0.0	-1.0	0.0	-1.0	0.0	-1.0	0.0	-1.0	0.0	-1.0	0.0	-1.0	0.0	-1.0
4.0	30	-18.2	9.49	1	0.0	-1.0	0.0	-1.0	0.0	-1.0	0.0	-1.0	0.0	-1.0	0.0	-1.0	0.0	-1.0	0.0	-1.0	0.0	-1.0
4.0	14	-1.73	14.71	1	0.0	-1.0	0.0	-1.0	0.0	-1.0	0.0	-1.0	0.0	-1.0	0.0	-1.0	0.0	-1.0	0.0	-1.0	0.0	-1.0
4.0	44	-20.02	5.47	1	0.0	-1.0	0.0	-1.0	0.0	-1.0	0.0	-1.0	0.0	-1.0	0.0	-1.0	0.0	-1.0	0.0	-1.0	0.0	-1.0
4.0	38	1.06	10.2	1	0.0	-1.0	0.0	-1.0	0.0	-1.0	0.0	-1.0	0.0	-1.0	0.0	-1.0	1.0	3.235	0.0	-1.0	0.0	-1.0
4.0	24	15.88	9.77	1	1.0	2.56	1.0	2.442	1.0	2.667	0.0	-1.0	0.0	-1.0	0.0	-1.0	0.0	-1.0	0.0	-1.0	0.0	-1.0
5.0	46	3.89	-3.52	1	0.0	-1.0	0.0	-1.0	0.0	-1.0	0.0	-1.0	0.0	-1.0	0.0	-1.0	0.0	-1.0	0.0	-1.0	0.0	-1.0
5.0	44	-19.45	5.47	1	0.0	-1.0	0.0	-1.0	0.0	-1.0	0.0	-1.0	0.0	-1.0	0.0	-1.0	0.0	-1.0	0.0	-1.0	0.0	-1.0
5.0	17	-0.16	1.33	1	0.0	-1.0	1.0	2.826	1.0	2.927	0.0	-1.0	0.0	-1.0	0.0	-1.0	1.0	3.025	1.0	3.144	0.0	-1.0
5.0	36	1.73	-1.19	1	0.0	-1.0	0.0	-1.0	0.0	-1.0	0.0	-1.0	0.0	-1.0	0.0	-1.0	0.0	-1.0	0.0	-1.0	0.0	-1.0
5.0	12	-1.63	13.77	1	0.0	-1.0	0.0	-1.0	0.0	-1.0	0.0	-1.0	0.0	-1.0	0.0	-1.0	0.0	-1.0	0.0	-1.0	0.0	-1.0
5.0	8	-3.43	13.49	4	0.0	-1.0	0.0	-1.0	0.0	-1.0	0.0	-1.0	0.0	-1.0	0.0	-1.0	0.0	-1.0	0.0	-1.0	0.0	-1.0
5.0	0	0.44	-3.17	1	1.0	2.323	1.0	2.306	0.0	-1.0	0.0	-1.0	0.0	-1.0	0.0	-1.0	1.0	3.421	0.0	-1.0	0.0	-1.0
5.0	24	15.38	9.77	1	1.0	2.537	1.0	2.457	1.0	2.706	0.0	-1.0	0.0	-1.0	0.0	-1.0	0.0	-1.0	0.0	-1.0	0.0	-1.0
5.0	40	0.19	9.77	1	0.0	-1.0	0.0	-1.0	0.0	-1.0	0.0	-1.0	0.0	-1.0	0.0	-1.0	0.0	-1.0	0.0	-1.0	0.0	-1.0
5.0	28	-17.56	10.5	1	0.0	-1.0	0.0	-1.0	0.0	-1.0	0.0	-1.0	0.0	-1.0	0.0	-1.0	1.0	2.207	1.0	1.987	1.0	2.064
5.0	26	15.28	8.62	1	0.0	-1.0	0.0	-1.0	0.0	-1.0	0.0	-1.0	0.0	-1.0	0.0	-1.0	0.0	-1.0	0.0	-1.0	0.0	-1.0
5.0	19	8.28	11.49	1	0.0	-1.0	0.0	-1.0	0.0	-1.0	0.0	-1.0	0.0	-1.0	0.0	-1.0	0.0	-1.0	0.0	-1.0	0.0	-1.0
5.0	38	1.01	9.63	1	0.0	-1.0	0.0	-1.0	0.0	-1.0	0.0	-1.0	0.0	-1.0	0.0	-1.0	0.0	-1.0	0.0	-1.0	0.0	-1.0
5.0	21	-1.73	11.63	1	0.0	-1.0	0.0	-1.0	0.0	-1.0	0.0	-1.0	0.0	-1.0	1.0	1.664	0.0	-1.0	1.0	1.491	1.0	1.492
5.0	16	24.53	-6.39	4	1.0	1.745	0.0	-1.0	0.0	-1.0	1.0	0.821	1.0	0.75	1.0	1.62	0.0	-1.0	1.0	0.817	1.0	1.548
5.0	14	-1.73	14.71	1	0.0	-1.0	0.0	-1.0	0.0	-1.0	0.0	-1.0	0.0	-1.0	0.0	-1.0	0.0	-1.0	0.0	-1.0	0.0	-1.0
5.0	6	20.62	46.25	1	0.0	-1.0	0.0	-1.0	0.0	-1.0	0.0	-1.0	0.0	-1.0	0.0	-1.0	0.0	-1.0	0.0	-1.0	0.0	-1.0
5.0	42	1.04	23.95	1	0.0	-1.0	0.0	-1.0	0.0	-1.0	0.0	-1.0	0.0	-1.0	0.0	-1.0	1.0	2.144	1.0	2.05	1.0	2.258
5.0	30	-17.63	9.49	1	0.0	-1.0	0.0	-1.0	0.0	-1.0	0.0	-1.0	0.0	-1.0	0.0	-1.0	0.0	-1.0	0.0	-1.0	0.0	-1.0
5.0	32	9.63	10.92	1	0.0	-1.0	0.0	-1.0	0.0	-1.0	0.0	-1.0	0.0	-1.0	0.0	-1.0	0.0	-1.0	0.0	-1.0	0.0	-1.0
5.0	34	15.77	-3.52	1	1.0	2.742	1.0	2.693	1.0	3.924	0.0	-1.0	0.0	-1.0	0.0	-1.0	1.0	3.332	1.0	2.71	1.0	2.837
5.0	10	-2.58	13.49	1	0.0	-1.0	0.0	-1.0	0.0	-1.0	0.0	-1.0	0.0	-1.0	0.0	-1.0	0.0	-1.0	0.0	-1.0	0.0	-1.0
6.0	46	3.89	-3.52	1	0.0	-1.0	0.0	-1.0	0.0	-1.0	0.0	-1.0	0.0	-1.0	0.0	-1.0	0.0	-1.0	0.0	-1.0	0.0	-1.0
6.0	19	8.28	11.49	1	0.0	-1.0	0.0	-1.0	0.0	-1.0	0.0	-1.0	0.0	-1.0	0.0	-1.0	0.0	-1.0	0.0	-1.0	0.0	-1.0
6.0	28	-16.99	10.5	1	0.0	-1.0	0.0	-1.0	0.0	-1.0	0.0	-1.0	0.0	-1.0	0.0	-1.0	1.0	2.335	1.0	1.991	1.0	2.107
6.0	21	-1.73	12.05	1	0.0	-1.0	0.0	-1.0	0.0	-1.0	0.0	-1.0	0.0	-1.0	1.0	1.545	0.0	-1.0	1.0	1.368	1.0	1.379
6.0	24	14.94	9.77	1	1.0	2.668	1.0	2.482	1.0	2.627	0.0	-1.0	0.0	-1.0	0.0	-1.0	0.0	-1.0	0.0	-1.0	0.0	-1.0
6.0	30	-17.13	9.49	1	0.0	-1.0	0.0	-1.0	0.0	-1.0	0.0	-1.0	0.0	-1.0	0.0	-1.0	0.0	-1.0	0.0	-1.0	0.0	-1.0
6.0	0	0.87	-3.59	1	1.0	2.741	1.0	2.794	0.0	-1.0	0.0	-1.0	0.0	-1.0	0.0	-1.0	1.0	3.46	0.0	-1.0	0.0	-1.0
6.0	34	15.49	-3.68	1	1.0	2.913	1.0	2.867	0.0	-1.0	0.0	-1.0	0.0	-1.0	0.0	-1.0	1.0	3.106	1.0	2.605	1.0	2.631
6.0	40	0.12	9.2	1	0.0	-1.0	0.0	-1.0	0.0	-1.0	0.0	-1.0	0.0	-1.0	0.0	-1.0	0.0	-1.0	0.0	-1.0	0.0	-1.0
6.0	12	-1.63	13.77	1	0.0	-1.0	0.0	-1.0	0.0	-1.0	0.0	-1.0	0.0	-1.0	0.0	-1.0	0.0	-1.0	0.0	-1.0	0.0	-1.0
6.0	32	9.63	10.92	1	0.0	-1.0	0.0	-1.0	0.0	-1.0	0.0	-1.0	0.0	-1.0	0.0	-1.0	0.0	-1.0	0.0	-1.0	0.0	-1.0
6.0	10	-2.58	13.49	1	0.0	-1.0	0.0	-1.0	0.0	-1.0	0.0	-1.0	0.0	-1.0	0.0	-1.0	0.0	-1.0	0.0	-1.0	0.0	-1.0
6.0	44	-18.87	5.47	1	0.0	-1.0	0.0	-1.0	0.0	-1.0	0.0	-1.0	0.0	-1.0	0.0	-1.0	0.0	-1.0	0.0	-1.0	0.0	-1.0
6.0	26	14.76	8.62	1	0.0	-1.0	0.0	-1.0	0.0	-1.0	0.0	-1.0	0.0	-1.0	0.0	-1.0	0.0	-1.0	0.0	-1.0	0.0	-1.0
6.0	42	1.04	23.35	1	0.0	-1.0	0.0	-1.0	0.0	-1.0	0.0	-1.0	0.0	-1.0	0.0	-1.0	1.0	2.756	1.0	1.948	1.0	2.114
6.0	17	-0.23	0.62	1	1.0	3.739	1.0	2.649	1.0	2.638	0.0	-1.0	0.0	-1.0	0.0	-1.0	1.0	3.14	0.0	-1.0	0.0	-1.0
6.0	36	1.73	-1.19	1	0.0	-1.0	0.0	-1.0	0.0	-1.0	0.0	-1.0	0.0	-1.0	0.0	-1.0	0.0	-1.0	0.0	-1.0	0.0	-1.0
6.0	38	0.97	9.05	1	0.0	-1.0	0.0	-1.0	0.0	-1.0	0.0	-1.0	0.0	-1.0	0.0	-1.0	0.0	-1.0	0.0	-1.0	0.0	-1.0
6.0	14	-1.73	14.71	1	0.0	-1.0	0.0	-1.0	0.0	-1.0	0.0	-1.0	0.0	-1.0	0.0	-1.0	0.0	-1.0	0.0	-1.0	0.0	-1.0
6.0	8	-3.43	13.49	4	0.0	-1.0	0.0	-1.0	0.0	-1.0	0.0	-1.0	0.0	-1.0	0.0	-1.0	0.0	-1.0	0.0	-1.0	0.0	-1.0
6.0	6	20.9	45.83	1	0.0	-1.0	0.0	-1.0	1.0	3.82	0.0	-1.0	0.0	-1.0	0.0	-1.0	0.0	-1.0	0.0	-1.0	0.0	-1.0
6.0	16	24.71	-6.53	4	1.0	2.454	0.0	-1.0	0.0	-1.0	1.0	1.028	1.0	0.913	1.0	1.53	0.0	-1.0	1.0	0.95	1.0	1.365
7.0	38	0.94	8.48	1	0.0	-1.0	0.0	-1.0	0.0	-1.0	0.0	-1.0	0.0	-1.0	0.0	-1.0	0.0	-1.0	0.0	-1.0	0.0	-1.0
7.0	28	-16.43	10.5	1	0.0	-1.0	0.0	-1.0	0.0	-1.0	0.0	-1.0	0.0	-1.0	0.0	-1.0	1.0	2.21	1.0	1.979	1.0	2.075
7.0	44	-18.23	5.47	1	0.0	-1.0	0.0	-1.0	0.0	-1.0	0.0	-1.0	0.0	-1.0	0.0	-1.0	0.0	-1.0	0.0	-1.0	0.0	-1.0
7.0	32	9.63	10.92	1	0.0	-1.0	0.0	-1.0	0.0	-1.0	0.0	-1.0	0.0	-1.0	0.0	-1.0	0.0	-1.0	0.0	-1.0	0.0	-1.0
7.0	14	-1.73	14.71	1	0.0	-1.0	0.0	-1.0	0.0	-1.0	0.0	-1.0	0.0	-1.0	0.0	-1.0	0.0	-1.0	0.0	-1.0	0.0	-1.0
7.0	40	0.05	8.62	1	0.0	-1.0	0.0	-1.0	0.0	-1.0	0.0	-1.0	0.0	-1.0	0.0	-1.0	0.0	-1.0	0.0	-1.0	0.0	-1.0
7.0	24	14.44	9.77	1	1.0	2.595	1.0	2.472	1.0	2.897	0.0	-1.0	0.0	-1.0	0.0	-1.0	0.0	-1.0	0.0	-1.0	0.0	-1.0
7.0	10	-2.58	13.49	1	0.0	-1.0	0.0	-1.0	0.0	-1.0	0.0	-1.0	0.0	-1.0	0.0	-1.0	0.0	-1.0	0.0	-1.0	0.0	-1.0
7.0	42	1.04	22.92	1	0.0	-1.0	0.0	-1.0	0.0	-1.0	0.0	-1.0	0.0	-1.0	0.0	-1.0	1.0	2.73	1.0	2.015	1.0	2.113
7.0	46	3.89	-3.52	1	0.0	-1.0	0.0	-1.0	0.0	-1.0	0.0	-1.0	0.0	-1.0	0.0	-1.0	0.0	-1.0	0.0	-1.0	0.0	-1.0
7.0	8	-3.43	13.49	4	0.0	-1.0	0.0	-1.0	0.0	-1.0	0.0	-1.0	0.0	-1.0	0.0	-1.0	0.0	-1.0	0.0	-1.0	0.0	-1.0
7.0	12	-1.63	13.77	1	0.0	-1.0	0.0	-1.0	0.0	-1.0	0.0	-1.0	0.0	-1.0	0.0	-1.0	0.0	-1.0	0.0	-1.0	0.0	-1.0
7.0	21	-1.52	12.2	1	0.0	-1.0	0.0	-1.0	0.0	-1.0	0.0	-1.0	0.0	-1.0	0.0	-1.0	0.0	-1.0	1.0	1.516	1.0	2.316
7.0	26	14.34	8.62	1	0.0	-1.0	0.0	-1.0	0.0	-1.0	0.0	-1.0	0.0	-1.0	0.0	-1.0	0.0	-1.0	0.0	-1.0	0.0	-1.0
7.0	17	-0.23	-0.23	1	0.0	-1.0	1.0	2.258	1.0	2.265	0.0	-1.0	0.0	-1.0	0.0	-1.0	1.0	3.127	0.0	-1.0	0.0	-1.0
7.0	0	1.31	-3.89	1	1.0	3.227	0.0	-1.0	0.0	-1.0	0.0	-1.0	0.0	-1.0	0.0	-1.0	1.0	3.501	0.0	-1.0	0.0	-1.0
7.0	16	24.85	-6.67	4	1.0	2.236	0.0	-1.0	0.0	-1.0	1.0	1.089	1.0	1.08	1.0	1.21	0.0	-1.0	1.0	1.067	1.0	1.253
7.0	36	1.73	-1.19	1	0.0	-1.0	0.0	-1.0	0.0	-1.0	0.0	-1.0	0.0	-1.0	0.0	-1.0	0.0	-1.0	0.0	-1.0	0.0	-1.0
7.0	6	21.26	45.4	1	0.0	-1.0	0.0	-1.0	1.0	3.417	0.0	-1.0	0.0	-1.0	0.0	-1.0	0.0	-1.0	0.0	-1.0	0.0	-1.0
7.0	34	15.2	-3.68	1	1.0	2.894	1.0	2.868	0.0	-1.0	0.0	-1.0	0.0	-1.0	0.0	-1.0	1.0	3.078	1.0	2.596	1.0	2.626
7.0	30	-16.57	9.63	1	0.0	-1.0	0.0	-1.0	0.0	-1.0	0.0	-1.0	0.0	-1.0	0.0	-1.0	0.0	-1.0	0.0	-1.0	1.0	2.957
7.0	19	8.28	11.49	1	0.0	-1.0	0.0	-1.0	0.0	-1.0	0.0	-1.0	0.0	-1.0	0.0	-1.0	0.0	-1.0	0.0	-1.0	0.0	-1.0
8.0	40	-0.02	8.05	1	0.0	-1.0	0.0	-1.0	0.0	-1.0	0.0	-1.0	0.0	-1.0	0.0	-1.0	0.0	-1.0	0.0	-1.0	0.0	-1.0
8.0	10	-2.58	13.49	1	0.0	-1.0	0.0	-1.0	0.0	-1.0	0.0	-1.0	0.0	-1.0	0.0	-1.0	0.0	-1.0	0.0	-1.0	0.0	-1.0
8.0	19	8.28	11.49	1	0.0	-1.0	0.0	-1.0	0.0	-1.0	0.0	-1.0	0.0	-1.0	0.0	-1.0	0.0	-1.0	0.0	-1.0	0.0	-1.0
8.0	34	14.83	-3.68	1	1.0	2.907	1.0	2.87	0.0	-1.0	0.0	-1.0	0.0	-1.0	0.0	-1.0	1.0	3.13	1.0	2.636	1.0	2.693
8.0	17	-0.16	-1.12	1	0.0	-1.0	1.0	1.986	1.0	1.97	0.0	-1.0	0.0	-1.0	0.0	-1.0	1.0	3.066	0.0	-1.0	0.0	-1.0
8.0	46	3.89	-3.52	1	0.0	-1.0	0.0	-1.0	0.0	-1.0	0.0	-1.0	0.0	-1.0	0.0	-1.0	0.0	-1.0	0.0	-1.0	0.0	-1.0
8.0	26	13.84	8.62	1	0.0	-1.0	0.0	-1.0	0.0	-1.0	0.0	-1.0	0.0	-1.0	0.0	-1.0	0.0	-1.0	0.0	-1.0	0.0	-1.0
8.0	42	1.04	22.36	1	0.0	-1.0	0.0	-1.0	0.0	-1.0	0.0	-1.0	0.0	-1.0	0.0	-1.0	1.0	2.097	1.0	1.891	1.0	3.057
8.0	8	-3.43	13.49	4	0.0	-1.0	0.0	-1.0	0.0	-1.0	0.0	-1.0	0.0	-1.0	0.0	-1.0	0.0	-1.0	0.0	-1.0	0.0	-1.0
8.0	32	9.63	10.92	1	0.0	-1.0	0.0	-1.0	0.0	-1.0	0.0	-1.0	0.0	-1.0	0.0	-1.0	0.0	-1.0	0.0	-1.0	0.0	-1.0
8.0	24	13.95	9.63	1	1.0	2.766	1.0	2.652	0.0	-1.0	0.0	-1.0	0.0	-1.0	0.0	-1.0	0.0	-1.0	0.0	-1.0	0.0	-1.0
8.0	14	-1.73	14.71	1	0.0	-1.0	0.0	-1.0	0.0	-1.0	0.0	-1.0	0.0	-1.0	0.0	-1.0	0.0	-1.0	0.0	-1.0	0.0	-1.0
8.0	0	1.73	-4.04	1	1.0	3.659	0.0	-1.0	0.0	-1.0	0.0	-1.0	0.0	-1.0	0.0	-1.0	1.0	3.512	0.0	-1.0	0.0	-1.0
8.0	16	25.06	-6.96	4	1.0	2.574	0.0	-1.0	1.0	2.476	1.0	1.387	1.0	1.0	1.0	0.989	1.0	1.425	1.0	1.044	0.0	-1.0
8.0	12	-1.63	13.77	1	0.0	-1.0	0.0	-1.0	0.0	-1.0	0.0	-1.0	0.0	-1.0	0.0	-1.0	0.0	-1.0	0.0	-1.0	0.0	-1.0
8.0	21	-1.24	12.48	1	0.0	-1.0	0.0	-1.0	0.0	-1.0	0.0	-1.0	0.0	-1.0	0.0	-1.0	0.0	-1.0	1.0	1.768	1.0	2.13
8.0	30	-16.0	9.63	1	0.0	-1.0	0.0	-1.0	0.0	-1.0	0.0	-1.0	0.0	-1.0	0.0	-1.0	0.0	-1.0	0.0	-1.0	1.0	2.931
8.0	28	-15.86	10.64	1	0.0	-1.0	0.0	-1.0	0.0	-1.0	0.0	-1.0	0.0	-1.0	0.0	-1.0	1.0	2.049	1.0	1.83	1.0	1.911
8.0	44	-17.67	5.47	1	0.0	-1.0	0.0	-1.0	0.0	-1.0	0.0	-1.0	0.0	-1.0	0.0	-1.0	0.0	-1.0	0.0	-1.0	0.0	-1.0
8.0	36	1.81	-1.19	1	0.0	-1.0	0.0	-1.0	0.0	-1.0	0.0	-1.0	0.0	-1.0	0.0	-1.0	0.0	-1.0	0.0	-1.0	0.0	-1.0
8.0	38	0.94	7.91	1	0.0	-1.0	0.0	-1.0	0.0	-1.0	0.0	-1.0	0.0	-1.0	0.0	-1.0	0.0	-1.0	0.0	-1.0	0.0	-1.0
8.0	6	21.54	44.98	1	0.0	-1.0	0.0	-1.0	1.0	2.99	0.0	-1.0	0.0	-1.0	0.0	-1.0	0.0	-1.0	0.0	-1.0	0.0	-1.0
9.0	32	9.63	10.92	1	0.0	-1.0	0.0	-1.0	0.0	-1.0	0.0	-1.0	0.0	-1.0	0.0	-1.0	0.0	-1.0	0.0	-1.0	0.0	-1.0
9.0	36	1.81	-1.19	1	0.0	-1.0	0.0	-1.0	0.0	-1.0	0.0	-1.0	0.0	-1.0	0.0	-1.0	0.0	-1.0	0.0	-1.0	0.0	-1.0
9.0	42	1.04	21.93	1	0.0	-1.0	0.0	-1.0	0.0	-1.0	0.0	-1.0	0.0	-1.0	0.0	-1.0	1.0	2.124	0.0	-1.0	1.0	2.942
9.0	38	0.9	7.49	1	0.0	-1.0	0.0	-1.0	0.0	-1.0	0.0	-1.0	0.0	-1.0	0.0	-1.0	0.0	-1.0	0.0	-1.0	0.0	-1.0
9.0	34	14.55	-3.82	1	1.0	3.073	1.0	3.144	0.0	-1.0	0.0	-1.0	0.0	-1.0	0.0	-1.0	1.0	2.87	1.0	2.515	1.0	2.588
9.0	0	2.16	-4.2	1	0.0	-1.0	0.0	-1.0	0.0	-1.0	0.0	-1.0	0.0	-1.0	1.0	3.211	1.0	3.565	0.0	-1.0	0.0	-1.0
9.0	28	-15.28	10.64	1	0.0	-1.0	0.0	-1.0	0.0	-1.0	0.0	-1.0	0.0	-1.0	0.0	-1.0	1.0	2.042	1.0	1.808	1.0	1.883
9.0	30	-15.42	9.63	1	0.0	-1.0	0.0	-1.0	0.0	-1.0	0.0	-1.0	0.0	-1.0	0.0	-1.0	0.0	-1.0	0.0	-1.0	1.0	2.879
9.0	40	-0.09	7.49	1	0.0	-1.0	0.0	-1.0	1.0	3.847	0.0	-1.0	0.0	-1.0	0.0	-1.0	0.0	-1.0	0.0	-1.0	0.0	-1.0
9.0	26	13.35	8.62	1	0.0	-1.0	0.0	-1.0	0.0	-1.0	0.0	-1.0	0.0	-1.0	0.0	-1.0	0.0	-1.0	0.0	-1.0	0.0	-1.0
9.0	44	-17.1	5.47	1	0.0	-1.0	0.0	-1.0	0.0	-1.0	0.0	-1.0	0.0	-1.0	0.0	-1.0	0.0	-1.0	0.0	-1.0	0.0	-1.0
9.0	24	13.52	9.63	1	1.0	2.723	1.0	2.678	0.0	-1.0	0.0	-1.0	0.0	-1.0	0.0	-1.0	0.0	-1.0	0.0	-1.0	0.0	-1.0
9.0	46	3.89	-3.52	1	0.0	-1.0	0.0	-1.0	0.0	-1.0	0.0	-1.0	0.0	-1.0	0.0	-1.0	0.0	-1.0	0.0	-1.0	0.0	-1.0
9.0	8	-3.43	13.49	4	0.0	-1.0	0.0	-1.0	0.0	-1.0	0.0	-1.0	0.0	-1.0	0.0	-1.0	0.0	-1.0	0.0	-1.0	0.0	-1.0
9.0	10	-2.58	13.49	1	0.0	-1.0	0.0	-1.0	0.0	-1.0	0.0	-1.0	0.0	-1.0	0.0	-1.0	0.0	-1.0	0.0	-1.0	0.0	-1.0
9.0	19	8.28	11.49	1	0.0	-1.0	0.0	-1.0	0.0	-1.0	0.0	-1.0	0.0	-1.0	0.0	-1.0	0.0	-1.0	0.0	-1.0	0.0	-1.0
9.0	12	-1.63	13.77	1	0.0	-1.0	0.0	-1.0	0.0	-1.0	0.0	-1.0	0.0	-1.0	0.0	-1.0	0.0	-1.0	0.0	-1.0	0.0	-1.0
9.0	17	-0.09	-1.82	1	1.0	2.668	1.0	1.826	1.0	1.972	0.0	-1.0	0.0	-1.0	0.0	-1.0	1.0	3.069	0.0	-1.0	0.0	-1.0
9.0	14	-1.73	14.71	1	0.0	-1.0	0.0	-1.0	0.0	-1.0	0.0	-1.0	0.0	-1.0	0.0	-1.0	0.0	-1.0	0.0	-1.0	0.0	-1.0
9.0	21	-1.03	12.76	1	0.0	-1.0	0.0	-1.0	0.0	-1.0	0.0	-1.0	0.0	-1.0	0.0	-1.0	1.0	2.057	1.0	1.997	1.0	2.21
9.0	16	25.24	-7.1	4	1.0	2.901	0.0	-1.0	1.0	2.318	1.0	1.504	1.0	0.801	1.0	0.887	1.0	1.491	1.0	0.95	0.0	-1.0
9.0	6	21.9	44.69	1	0.0	-1.0	0.0	-1.0	1.0	2.725	0.0	-1.0	0.0	-1.0	0.0	-1.0	0.0	-1.0	0.0	-1.0	0.0	-1.0
10.0	30	-14.89	9.77	1	0.0	-1.0	0.0	-1.0	0.0	-1.0	0.0	-1.0	0.0	-1.0	0.0	-1.0	0.0	-1.0	1.0	2.66	1.0	2.77
10.0	19	8.28	11.49	1	0.0	-1.0	0.0	-1.0	0.0	-1.0	0.0	-1.0	0.0	-1.0	0.0	-1.0	0.0	-1.0	0.0	-1.0	0.0	-1.0
10.0	32	9.63	10.92	1	0.0	-1.0	0.0	-1.0	0.0	-1.0	0.0	-1.0	0.0	-1.0	0.0	-1.0	0.0	-1.0	0.0	-1.0	0.0	-1.0
10.0	17	-0.09	-2.67	1	1.0	2.109	1.0	1.763	1.0	2.09	0.0	-1.0	0.0	-1.0	0.0	-1.0	0.0	-1.0	0.0	-1.0	0.0	-1.0
10.0	34	14.27	-3.82	1	1.0	3.054	1.0	3.181	0.0	-1.0	0.0	-1.0	0.0	-1.0	0.0	-1.0	1.0	2.931	1.0	2.51	1.0	2.603
10.0	16	25.31	-7.1	4	0.0	-1.0	0.0	-1.0	1.0	2.072	1.0	1.553	0.0	-1.0	1.0	0.958	1.0	1.548	1.0	1.24	0.0	-1.0
10.0	44	-16.53	5.47	1	0.0	-1.0	0.0	-1.0	0.0	-1.0	0.0	-1.0	0.0	-1.0	0.0	-1.0	0.0	-1.0	0.0	-1.0	0.0	-1.0
10.0	14	-1.73	14.71	1	0.0	-1.0	0.0	-1.0	0.0	-1.0	0.0	-1.0	0.0	-1.0	0.0	-1.0	0.0	-1.0	0.0	-1.0	0.0	-1.0
10.0	6	22.34	44.55	1	0.0	-1.0	1.0	2.797	1.0	2.573	0.0	-1.0	0.0	-1.0	1.0	2.822	0.0	-1.0	0.0	-1.0	0.0	-1.0
10.0	38	0.87	6.9	1	0.0	-1.0	0.0	-1.0	0.0	-1.0	0.0	-1.0	0.0	-1.0	0.0	-1.0	0.0	-1.0	0.0	-1.0	1.0	3.305
10.0	12	-1.63	13.77	1	0.0	-1.0	0.0	-1.0	0.0	-1.0	0.0	-1.0	0.0	-1.0	0.0	-1.0	0.0	-1.0	0.0	-1.0	0.0	-1.0
10.0	40	-0.18	6.9	1	0.0	-1.0	0.0	-1.0	1.0	3.397	0.0	-1.0	0.0	-1.0	0.0	-1.0	0.0	-1.0	0.0	-1.0	0.0	-1.0
10.0	10	-2.58	13.49	1	0.0	-1.0	0.0	-1.0	0.0	-1.0	0.0	-1.0	0.0	-1.0	0.0	-1.0	0.0	-1.0	0.0	-1.0	0.0	-1.0
10.0	8	-3.43	13.49	4	0.0	-1.0	0.0	-1.0	0.0	-1.0	0.0	-1.0	0.0	-1.0	0.0	-1.0	0.0	-1.0	0.0	-1.0	0.0	-1.0
10.0	42	1.04	21.36	1	0.0	-1.0	0.0	-1.0	0.0	-1.0	0.0	-1.0	0.0	-1.0	0.0	-1.0	1.0	3.123	1.0	1.918	1.0	2.17
10.0	36	1.81	-1.19	1	0.0	-1.0	0.0	-1.0	0.0	-1.0	0.0	-1.0	0.0	-1.0	0.0	-1.0	0.0	-1.0	0.0	-1.0	0.0	-1.0
10.0	21	-0.96	13.35	1	0.0	-1.0	0.0	-1.0	0.0	-1.0	0.0	-1.0	0.0	-1.0	0.0	-1.0	1.0	2.127	1.0	2.072	1.0	2.25
10.0	0	2.58	-4.48	1	0.0	-1.0	0.0	-1.0	1.0	2.729	0.0	-1.0	0.0	-1.0	1.0	2.844	1.0	3.79	0.0	-1.0	0.0	-1.0
10.0	26	12.92	8.62	1	0.0	-1.0	0.0	-1.0	0.0	-1.0	0.0	-1.0	0.0	-1.0	0.0	-1.0	0.0	-1.0	0.0	-1.0	0.0	-1.0
10.0	46	3.89	-3.52	1	0.0	-1.0	0.0	-1.0	0.0	-1.0	0.0	-1.0	0.0	-1.0	0.0	-1.0	0.0	-1.0	0.0	-1.0	0.0	-1.0
10.0	24	13.03	9.63	1	1.0	2.765	1.0	2.67	0.0	-1.0	0.0	-1.0	0.0	-1.0	0.0	-1.0	0.0	-1.0	0.0	-1.0	0.0	-1.0
10.0	28	-14.71	10.64	1	0.0	-1.0	0.0	-1.0	0.0	-1.0	0.0	-1.0	0.0	-1.0	0.0	-1.0	1.0	2.123	1.0	1.79	1.0	2.029
11.0	44	-15.9	5.47	1	0.0	-1.0	0.0	-1.0	0.0	-1.0	0.0	-1.0	0.0	-1.0	0.0	-1.0	0.0	-1.0	0.0	-1.0	0.0	-1.0
11.0	40	-0.32	6.34	1	0.0	-1.0	0.0	-1.0	1.0	2.959	0.0	-1.0	0.0	-1.0	0.0	-1.0	0.0	-1.0	0.0	-1.0	0.0	-1.0
11.0	10	-2.58	13.49	1	0.0	-1.0	0.0	-1.0	0.0	-1.0	0.0	-1.0	0.0	-1.0	0.0	-1.0	0.0	-1.0	0.0	-1.0	0.0	-1.0
11.0	17	-0.02	-3.52	1	1.0	2.038	1.0	1.846	1.0	2.033	0.0	-1.0	0.0	-1.0	0.0	-1.0	0.0	-1.0	0.0	-1.0	0.0	-1.0
11.0	12	-1.63	13.77	1	0.0	-1.0	0.0	-1.0	0.0	-1.0	0.0	-1.0	0.0	-1.0	0.0	-1.0	0.0	-1.0	0.0	-1.0	0.0	-1.0
11.0	28	-14.13	10.64	1	0.0	-1.0	0.0	-1.0	0.0	-1.0	0.0	-1.0	0.0	-1.0	0.0	-1.0	1.0	2.019	1.0	1.8	1.0	1.929
11.0	16	25.31	-7.1	4	0.0	-1.0	0.0	-1.0	1.0	2.072	1.0	1.553	0.0	-1.0	1.0	0.958	1.0	1.548	1.0	1.24	0.0	-1.0
11.0	19	8.28	11.49	1	0.0	-1.0	0.0	-1.0	0.0	-1.0	0.0	-1.0	0.0	-1.0	0.0	-1.0	0.0	-1.0	0.0	-1.0	0.0	-1.0
11.0	34	13.98	-3.82	1	1.0	3.041	1.0	3.15	0.0	-1.0	0.0	-1.0	0.0	-1.0	0.0	-1.0	1.0	2.862	1.0	2.564	1.0	2.655
11.0	38	0.87	6.34	1	0.0	-1.0	0.0	-1.0	0.0	-1.0	0.0	-1.0	0.0	-1.0	0.0	-1.0	0.0	-1.0	0.0	-1.0	1.0	2.669
11.0	46	3.89	-3.52	1	0.0	-1.0	0.0	-1.0	0.0	-1.0	0.0	-1.0	0.0	-1.0	0.0	-1.0	0.0	-1.0	0.0	-1.0	0.0	-1.0
11.0	32	9.63	10.92	1	0.0	-1.0	0.0	-1.0	0.0	-1.0	0.0	-1.0	0.0	-1.0	0.0	-1.0	0.0	-1.0	0.0	-1.0	0.0	-1.0
11.0	30	-14.3	9.77	1	0.0	-1.0	0.0	-1.0	0.0	-1.0	0.0	-1.0	0.0	-1.0	0.0	-1.0	0.0	-1.0	1.0	2.667	1.0	2.856
11.0	8	-3.43	13.49	4	0.0	-1.0	0.0	-1.0	0.0	-1.0	0.0	-1.0	0.0	-1.0	0.0	-1.0	0.0	-1.0	0.0	-1.0	0.0	-1.0
11.0	24	12.53	9.63	1	1.0	2.811	1.0	2.676	0.0	-1.0	0.0	-1.0	0.0	-1.0	0.0	-1.0	0.0	-1.0	0.0	-1.0	0.0	-1.0
11.0	36	1.81	-1.19	1	0.0	-1.0	0.0	-1.0	0.0	-1.0	0.0	-1.0	0.0	-1.0	0.0	-1.0	0.0	-1.0	0.0	-1.0	0.0	-1.0
11.0	26	12.43	8.62	1	0.0	-1.0	0.0	-1.0	0.0	-1.0	0.0	-1.0	0.0	-1.0	0.0	-1.0	0.0	-1.0	0.0	-1.0	0.0	-1.0
11.0	42	1.04	20.94	1	0.0	-1.0	0.0	-1.0	0.0	-1.0	0.0	-1.0	0.0	-1.0	0.0	-1.0	1.0	2.059	1.0	2.07	0.0	-1.0
11.0	0	3.08	-4.62	1	0.0	-1.0	0.0	-1.0	1.0	2.559	0.0	-1.0	0.0	-1.0	1.0	2.709	0.0	-1.0	0.0	-1.0	0.0	-1.0
11.0	6	22.76	44.41	1	0.0	-1.0	1.0	2.527	1.0	2.44	0.0	-1.0	0.0	-1.0	1.0	2.772	0.0	-1.0	0.0	-1.0	0.0	-1.0
11.0	21	-0.81	13.93	1	0.0	-1.0	0.0	-1.0	0.0	-1.0	0.0	-1.0	0.0	-1.0	0.0	-1.0	1.0	2.295	1.0	2.166	1.0	2.343
11.0	14	-1.73	14.71	1	0.0	-1.0	0.0	-1.0	0.0	-1.0	0.0	-1.0	0.0	-1.0	0.0	-1.0	0.0	-1.0	0.0	-1.0	0.0	-1.0
12.0	44	-15.31	5.47	1	0.0	-1.0	0.0	-1.0	0.0	-1.0	0.0	-1.0	0.0	-1.0	0.0	-1.0	0.0	-1.0	0.0	-1.0	0.0	-1.0
12.0	36	1.81	-1.19	1	0.0	-1.0	0.0	-1.0	0.0	-1.0	0.0	-1.0	0.0	-1.0	0.0	-1.0	0.0	-1.0	0.0	-1.0	0.0	-1.0
12.0	24	12.11	9.63	1	1.0	2.956	1.0	2.696	0.0	-1.0	0.0	-1.0	0.0	-1.0	0.0	-1.0	0.0	-1.0	0.0	-1.0	0.0	-1.0
12.0	6	23.19	44.25	1	0.0	-1.0	1.0	2.319	1.0	2.274	0.0	-1.0	0.0	-1.0	1.0	2.533	0.0	-1.0	0.0	-1.0	0.0	-1.0
12.0	46	3.89	-3.52	1	0.0	-1.0	0.0	-1.0	0.0	-1.0	0.0	-1.0	0.0	-1.0	0.0	-1.0	0.0	-1.0	0.0	-1.0	0.0	-1.0
12.0	34	13.63	-3.96	1	1.0	3.213	0.0	-1.0	0.0	-1.0	0.0	-1.0	0.0	-1.0	0.0	-1.0	1.0	2.68	1.0	2.437	1.0	2.502
12.0	38	0.73	5.77	1	0.0	-1.0	0.0	-1.0	0.0	-1.0	0.0	-1.0	0.0	-1.0	0.0	-1.0	0.0	-1.0	0.0	-1.0	1.0	2.484
12.0	16	25.31	-7.1	4	0.0	-1.0	0.0	-1.0	1.0	2.072	1.0	1.553	0.0	-1.0	1.0	0.958	1.0	1.548	1.0	1.24	0.0	-1.0
12.0	12	-1.63	13.77	1	0.0	-1.0	0.0	-1.0	0.0	-1.0	0.0	-1.0	0.0	-1.0	0.0	-1.0	0.0	-1.0	0.0	-1.0	0.0	-1.0
12.0	14	-1.73	14.71	1	0.0	-1.0	0.0	-1.0	0.0	-1.0	0.0	-1.0	0.0	-1.0	0.0	-1.0	0.0	-1.0	0.0	-1.0	0.0	-1.0
12.0	10	-2.58	13.49	1	0.0	-1.0	0.0	-1.0	0.0	-1.0	0.0	-1.0	0.0	-1.0	0.0	-1.0	0.0	-1.0	0.0	-1.0	0.0	-1.0
12.0	8	-3.43	13.49	4	0.0	-1.0	0.0	-1.0	0.0	-1.0	0.0	-1.0	0.0	-1.0	0.0	-1.0	0.0	-1.0	0.0	-1.0	0.0	-1.0
12.0	19	8.28	11.49	1	0.0	-1.0	0.0	-1.0	0.0	-1.0	0.0	-1.0	0.0	-1.0	0.0	-1.0	0.0	-1.0	0.0	-1.0	0.0	-1.0
12.0	28	-13.56	10.64	1	0.0	-1.0	0.0	-1.0	0.0	-1.0	0.0	-1.0	0.0	-1.0	0.0	-1.0	1.0	2.202	1.0	1.776	1.0	2.106
12.0	30	-13.77	9.77	1	0.0	-1.0	0.0	-1.0	0.0	-1.0	0.0	-1.0	0.0	-1.0	0.0	-1.0	0.0	-1.0	1.0	2.677	1.0	2.743
12.0	0	3.58	-4.76	1	0.0	-1.0	0.0	-1.0	1.0	2.382	0.0	-1.0	0.0	-1.0	1.0	2.491	0.0	-1.0	0.0	-1.0	0.0	-1.0
12.0	42	1.04	20.37	1	0.0	-1.0	0.0	-1.0	0.0	-1.0	0.0	-1.0	0.0	-1.0	0.0	-1.0	1.0	2.443	1.0	1.816	1.0	2.078
12.0	26	11.93	8.62	1	0.0	-1.0	0.0	-1.0	0.0	-1.0	0.0	-1.0	0.0	-1.0	0.0	-1.0	0.0	-1.0	0.0	-1.0	0.0	-1.0
12.0	21	-0.81	14.5	1	0.0	-1.0	0.0	-1.0	0.0	-1.0	0.0	-1.0	0.0	-1.0	0.0	-1.0	1.0	2.247	1.0	2.164	1.0	2.319
12.0	17	0.05	-4.27	1	1.0	2.44	1.0	1.992	1.0	2.203	0.0	-1.0	0.0	-1.0	0.0	-1.0	0.0	-1.0	0.0	-1.0	0.0	-1.0
12.0	40	-0.39	5.77	1	0.0	-1.0	1.0	2.654	1.0	2.67	0.0	-1.0	0.0	-1.0	0.0	-1.0	0.0	-1.0	0.0	-1.0	0.0	-1.0
12.0	32	9.63	10.92	1	0.0	-1.0	0.0	-1.0	0.0	-1.0	0.0	-1.0	0.0	-1.0	0.0	-1.0	0.0	-1.0	0.0	-1.0	0.0	-1.0
13.0	14	-1.73	14.71	1	0.0	-1.0	0.0	-1.0	0.0	-1.0	0.0	-1.0	0.0	-1.0	0.0	-1.0	0.0	-1.0	0.0	-1.0	0.0	-1.0
13.0	42	1.04	19.91	1	0.0	-1.0	0.0	-1.0	0.0	-1.0	0.0	-1.0	0.0	-1.0	0.0	-1.0	1.0	2.071	1.0	1.85	1.0	2.454
13.0	8	-3.43	13.49	4	0.0	-1.0	0.0	-1.0	0.0	-1.0	0.0	-1.0	0.0	-1.0	0.0	-1.0	0.0	-1.0	0.0	-1.0	0.0	-1.0
13.0	12	-1.63	13.77	1	0.0	-1.0	0.0	-1.0	0.0	-1.0	0.0	-1.0	0.0	-1.0	0.0	-1.0	0.0	-1.0	0.0	-1.0	0.0	-1.0
13.0	28	-12.92	10.64	1	0.0	-1.0	0.0	-1.0	0.0	-1.0	0.0	-1.0	0.0	-1.0	0.0	-1.0	1.0	2.159	1.0	1.783	1.0	1.898
13.0	30	-13.2	9.91	1	0.0	-1.0	0.0	-1.0	0.0	-1.0	0.0	-1.0	0.0	-1.0	0.0	-1.0	1.0	2.736	1.0	2.541	1.0	2.611
13.0	44	-14.74	5.47	1	0.0	-1.0	0.0	-1.0	0.0	-1.0	0.0	-1.0	0.0	-1.0	0.0	-1.0	0.0	-1.0	0.0	-1.0	0.0	-1.0
13.0	21	-0.89	14.78	1	0.0	-1.0	0.0	-1.0	0.0	-1.0	0.0	-1.0	0.0	-1.0	0.0	-1.0	1.0	2.191	1.0	2.078	1.0	2.294
13.0	36	1.81	-1.19	1	0.0	-1.0	0.0	-1.0	0.0	-1.0	0.0	-1.0	0.0	-1.0	0.0	-1.0	0.0	-1.0	0.0	-1.0	0.0	-1.0
13.0	32	9.63	10.92	1	0.0	-1.0	0.0	-1.0	0.0	-1.0	0.0	-1.0	0.0	-1.0	0.0	-1.0	0.0	-1.0	0.0	-1.0	0.0	-1.0
13.0	46	3.89	-3.52	1	0.0	-1.0	0.0	-1.0	0.0	-1.0	0.0	-1.0	0.0	-1.0	0.0	-1.0	0.0	-1.0	0.0	-1.0	0.0	-1.0
13.0	17	0.19	-4.97	1	1.0	2.995	1.0	2.135	0.0	-1.0	0.0	-1.0	0.0	-1.0	0.0	-1.0	0.0	-1.0	0.0	-1.0	0.0	-1.0
13.0	24	11.61	9.63	1	1.0	2.97	1.0	2.727	0.0	-1.0	0.0	-1.0	0.0	-1.0	0.0	-1.0	0.0	-1.0	0.0	-1.0	0.0	-1.0
13.0	10	-2.58	13.49	1	0.0	-1.0	0.0	-1.0	0.0	-1.0	0.0	-1.0	0.0	-1.0	0.0	-1.0	0.0	-1.0	0.0	-1.0	0.0	-1.0
13.0	6	23.54	44.11	1	0.0	-1.0	1.0	2.122	1.0	2.122	0.0	-1.0	0.0	-1.0	1.0	2.359	0.0	-1.0	0.0	-1.0	0.0	-1.0
13.0	34	13.35	-3.96	1	1.0	3.206	0.0	-1.0	0.0	-1.0	0.0	-1.0	0.0	-1.0	0.0	-1.0	1.0	2.648	1.0	2.432	1.0	2.556
13.0	40	-0.46	5.19	1	0.0	-1.0	1.0	2.423	1.0	2.48	0.0	-1.0	0.0	-1.0	0.0	-1.0	0.0	-1.0	0.0	-1.0	0.0	-1.0
13.0	26	11.51	8.62	1	0.0	-1.0	0.0	-1.0	0.0	-1.0	0.0	-1.0	0.0	-1.0	0.0	-1.0	0.0	-1.0	0.0	-1.0	0.0	-1.0
13.0	38	0.55	5.04	1	0.0	-1.0	0.0	-1.0	0.0	-1.0	0.0	-1.0	0.0	-1.0	0.0	-1.0	0.0	-1.0	1.0	2.358	1.0	2.485
13.0	16	25.31	-6.96	4	0.0	-1.0	0.0	-1.0	1.0	2.08	1.0	1.451	1.0	0.726	1.0	1.099	1.0	1.37	1.0	0.879	0.0	-1.0
13.0	0	4.07	-4.83	1	0.0	-1.0	0.0	-1.0	1.0	2.285	0.0	-1.0	0.0	-1.0	1.0	2.467	0.0	-1.0	0.0	-1.0	0.0	-1.0
13.0	19	8.28	11.49	1	0.0	-1.0	0.0	-1.0	0.0	-1.0	0.0	-1.0	0.0	-1.0	0.0	-1.0	0.0	-1.0	0.0	-1.0	0.0	-1.0
14.0	38	0.37	4.48	1	0.0	-1.0	0.0	-1.0	0.0	-1.0	0.0	-1.0	0.0	-1.0	0.0	-1.0	0.0	-1.0	1.0	2.501	1.0	2.618
14.0	12	-1.63	13.77	1	0.0	-1.0	0.0	-1.0	0.0	-1.0	0.0	-1.0	0.0	-1.0	0.0	-1.0	0.0	-1.0	0.0	-1.0	0.0	-1.0
14.0	6	23.97	43.95	1	1.0	3.272	1.0	2.006	1.0	2.004	0.0	-1.0	0.0	-1.0	1.0	2.172	0.0	-1.0	0.0	-1.0	0.0	-1.0
14.0	24	11.17	9.63	1	1.0	2.888	1.0	2.774	0.0	-1.0	0.0	-1.0	0.0	-1.0	0.0	-1.0	0.0	-1.0	0.0	-1.0	0.0	-1.0
14.0	10	-2.58	13.49	1	0.0	-1.0	0.0	-1.0	0.0	-1.0	0.0	-1.0	0.0	-1.0	0.0	-1.0	0.0	-1.0	0.0	-1.0	0.0	-1.0
14.0	42	1.04	19.35	1	0.0	-1.0	0.0	-1.0	0.0	-1.0	0.0	-1.0	0.0	-1.0	0.0	-1.0	0.0	-1.0	1.0	2.023	1.0	2.125
14.0	26	10.99	8.62	1	0.0	-1.0	0.0	-1.0	0.0	-1.0	0.0	-1.0	0.0	-1.0	0.0	-1.0	0.0	-1.0	0.0	-1.0	0.0	-1.0
14.0	40	-0.6	4.62	1	0.0	-1.0	1.0	2.257	1.0	2.341	0.0	-1.0	0.0	-1.0	0.0	-1.0	0.0	-1.0	0.0	-1.0	0.0	-1.0
14.0	8	-3.43	13.49	4	0.0	-1.0	0.0	-1.0	0.0	-1.0	0.0	-1.0	0.0	-1.0	0.0	-1.0	0.0	-1.0	0.0	-1.0	0.0	-1.0
14.0	34	13.06	-3.96	1	1.0	3.206	0.0	-1.0	0.0	-1.0	0.0	-1.0	0.0	-1.0	0.0	-1.0	1.0	2.639	1.0	2.49	1.0	2.544
14.0	19	8.28	11.49	1	0.0	-1.0	0.0	-1.0	0.0	-1.0	0.0	-1.0	0.0	-1.0	0.0	-1.0	0.0	-1.0	0.0	-1.0	0.0	-1.0
14.0	46	3.89	-3.52	1	0.0	-1.0	0.0	-1.0	0.0	-1.0	0.0	-1.0	0.0	-1.0	0.0	-1.0	0.0	-1.0	0.0	-1.0	0.0	-1.0
14.0	16	25.31	-6.96	4	0.0	-1.0	0.0	-1.0	1.0	2.08	1.0	1.451	1.0	0.726	1.0	1.099	1.0	1.37	1.0	0.879	0.0	-1.0
14.0	28	-12.36	10.64	1	0.0	-1.0	0.0	-1.0	0.0	-1.0	0.0	-1.0	0.0	-1.0	0.0	-1.0	1.0	2.025	1.0	1.813	1.0	2.1
14.0	44	-14.09	5.47	1	0.0	-1.0	0.0	-1.0	0.0	-1.0	0.0	-1.0	0.0	-1.0	0.0	-1.0	0.0	-1.0	0.0	-1.0	0.0	-1.0
14.0	30	-12.67	9.91	1	0.0	-1.0	0.0	-1.0	0.0	-1.0	0.0	-1.0	0.0	-1.0	0.0	-1.0	1.0	2.719	1.0	2.517	1.0	2.596
14.0	21	-1.1	15.35	1	0.0	-1.0	0.0	-1.0	0.0	-1.0	0.0	-1.0	0.0	-1.0	0.0	-1.0	1.0	2.193	1.0	1.891	1.0	2.202
14.0	0	4.57	-4.97	1	0.0	-1.0	1.0	2.228	1.0	2.097	0.0	-1.0	0.0	-1.0	1.0	2.171	0.0	-1.0	0.0	-1.0	0.0	-1.0
14.0	14	-1.73	14.71	1	0.0	-1.0	0.0	-1.0	0.0	-1.0	0.0	-1.0	0.0	-1.0	0.0	-1.0	0.0	-1.0	0.0	-1.0	0.0	-1.0
14.0	32	9.63	10.92	1	0.0	-1.0	0.0	-1.0	0.0	-1.0	0.0	-1.0	0.0	-1.0	0.0	-1.0	0.0	-1.0	0.0	-1.0	0.0	-1.0
14.0	17	0.34	-5.68	1	0.0	-1.0	0.0	-1.0	0.0	-1.0	0.0	-1.0	0.0	-1.0	0.0	-1.0	0.0	-1.0	0.0	-1.0	0.0	-1.0
14.0	36	1.81	-1.19	1	0.0	-1.0	0.0	-1.0	0.0	-1.0	0.0	-1.0	0.0	-1.0	0.0	-1.0	0.0	-1.0	0.0	-1.0	0.0	-1.0
15.0	32	9.63	10.92	1	0.0	-1.0	0.0	-1.0	0.0	-1.0	0.0	-1.0	0.0	-1.0	0.0	-1.0	0.0	-1.0	0.0	-1.0	0.0	-1.0
15.0	8	-3.43	13.49	4	0.0	-1.0	0.0	-1.0	0.0	-1.0	0.0	-1.0	0.0	-1.0	0.0	-1.0	0.0	-1.0	0.0	-1.0	0.0	-1.0
15.0	17	0.48	-6.25	1	1.0	2.967	0.0	-1.0	0.0	-1.0	0.0	-1.0	0.0	-1.0	0.0	-1.0	0.0	-1.0	0.0	-1.0	1.0	3.084
15.0	10	-2.58	13.49	1	0.0	-1.0	0.0	-1.0	0.0	-1.0	0.0	-1.0	0.0	-1.0	0.0	-1.0	0.0	-1.0	0.0	-1.0	0.0	-1.0
15.0	6	24.39	43.81	1	1.0	3.019	1.0	1.859	1.0	1.864	0.0	-1.0	0.0	-1.0	1.0	1.987	0.0	-1.0	0.0	-1.0	0.0	-1.0
15.0	40	-0.67	4.05	1	1.0	2.331	1.0	2.209	1.0	2.27	0.0	-1.0	0.0	-1.0	0.0	-1.0	0.0	-1.0	0.0	-1.0	0.0	-1.0
15.0	44	-13.52	5.47	1	0.0	-1.0	0.0	-1.0	0.0	-1.0	0.0	-1.0	0.0	-1.0	0.0	-1.0	0.0	-1.0	0.0	-1.0	0.0	-1.0
15.0	30	-12.11	9.91	1	0.0	-1.0	0.0	-1.0	0.0	-1.0	0.0	-1.0	0.0	-1.0	0.0	-1.0	1.0	2.662	1.0	2.491	1.0	2.572
15.0	26	10.5	8.62	1	0.0	-1.0	0.0	-1.0	0.0	-1.0	0.0	-1.0	0.0	-1.0	0.0	-1.0	0.0	-1.0	0.0	-1.0	0.0	-1.0
15.0	5	-9.15	49.24	1	0.0	-1.0	0.0	-1.0	0.0	-1.0	0.0	-1.0	0.0	-1.0	0.0	-1.0	0.0	-1.0	0.0	-1.0	0.0	-1.0
15.0	36	1.81	-1.19	1	0.0	-1.0	0.0	-1.0	0.0	-1.0	0.0	-1.0	0.0	-1.0	0.0	-1.0	0.0	-1.0	0.0	-1.0	0.0	-1.0
15.0	28	-11.72	10.64	1	0.0	-1.0	0.0	-1.0	0.0	-1.0	0.0	-1.0	0.0	-1.0	0.0	-1.0	1.0	2.07	1.0	1.751	1.0	2.123
15.0	38	0.19	3.91	1	0.0	-1.0	0.0	-1.0	0.0	-1.0	0.0	-1.0	0.0	-1.0	0.0	-1.0	1.0	2.757	1.0	2.663	1.0	3.292
15.0	16	25.31	-6.81	4	1.0	2.526	0.0	-1.0	1.0	1.812	1.0	1.241	1.0	0.731	1.0	0.85	1.0	1.248	1.0	0.83	0.0	-1.0
15.0	46	3.89	-3.52	1	0.0	-1.0	0.0	-1.0	0.0	-1.0	0.0	-1.0	0.0	-1.0	0.0	-1.0	0.0	-1.0	0.0	-1.0	0.0	-1.0
15.0	21	-1.31	15.77	1	0.0	-1.0	0.0	-1.0	0.0	-1.0	0.0	-1.0	0.0	-1.0	0.0	-1.0	1.0	2.004	1.0	1.671	1.0	2.383
15.0	34	12.78	-4.11	1	1.0	3.373	0.0	-1.0	0.0	-1.0	0.0	-1.0	0.0	-1.0	0.0	-1.0	1.0	2.421	1.0	2.345	1.0	2.425
15.0	0	5.08	-5.04	1	0.0	-1.0	1.0	2.033	1.0	1.985	0.0	-1.0	0.0	-1.0	1.0	2.116	0.0	-1.0	0.0	-1.0	0.0	-1.0
15.0	19	8.28	11.49	1	0.0	-1.0	0.0	-1.0	0.0	-1.0	0.0	-1.0	0.0	-1.0	0.0	-1.0	0.0	-1.0	0.0	-1.0	0.0	-1.0
15.0	12	-1.63	13.77	1	0.0	-1.0	0.0	-1.0	0.0	-1.0	0.0	-1.0	0.0	-1.0	0.0	-1.0	0.0	-1.0	0.0	-1.0	0.0	-1.0
15.0	14	-1.73	14.71	1	0.0	-1.0	0.0	-1.0	0.0	-1.0	0.0	-1.0	0.0	-1.0	0.0	-1.0	0.0	-1.0	0.0	-1.0	0.0	-1.0
15.0	42	1.04	18.92	1	0.0	-1.0	0.0	-1.0	0.0	-1.0	0.0	-1.0	0.0	-1.0	0.0	-1.0	1.0	2.086	0.0	-1.0	0.0	-1.0
15.0	24	10.67	9.63	1	1.0	2.839	1.0	2.905	0.0	-1.0	0.0	-1.0	0.0	-1.0	0.0	-1.0	0.0	-1.0	0.0	-1.0	0.0	-1.0
16.0	6	24.75	43.81	1	1.0	2.87	1.0	1.864	1.0	1.87	0.0	-1.0	0.0	-1.0	1.0	2.013	0.0	-1.0	0.0	-1.0	0.0	-1.0
16.0	46	3.89	-3.52	1	0.0	-1.0	0.0	-1.0	0.0	-1.0	0.0	-1.0	0.0	-1.0	0.0	-1.0	0.0	-1.0	0.0	-1.0	0.0	-1.0
16.0	8	-3.43	13.49	4	0.0	-1.0	0.0	-1.0	0.0	-1.0	0.0	-1.0	0.0	-1.0	0.0	-1.0	0.0	-1.0	0.0	-1.0	0.0	-1.0
16.0	30	-11.54	10.05	1	0.0	-1.0	0.0	-1.0	0.0	-1.0	0.0	-1.0	0.0	-1.0	0.0	-1.0	1.0	2.606	1.0	2.346	1.0	2.437
16.0	42	1.04	18.36	1	0.0	-1.0	0.0	-1.0	0.0	-1.0	0.0	-1.0	0.0	-1.0	0.0	-1.0	1.0	2.437	1.0	1.884	1.0	2.141
16.0	19	8.28	11.49	1	0.0	-1.0	0.0	-1.0	0.0	-1.0	0.0	-1.0	0.0	-1.0	0.0	-1.0	0.0	-1.0	0.0	-1.0	0.0	-1.0
16.0	32	9.63	10.92	1	0.0	-1.0	0.0	-1.0	0.0	-1.0	0.0	-1.0	0.0	-1.0	0.0	-1.0	0.0	-1.0	0.0	-1.0	0.0	-1.0
16.0	21	-1.45	16.34	1	0.0	-1.0	0.0	-1.0	0.0	-1.0	0.0	-1.0	0.0	-1.0	0.0	-1.0	0.0	-1.0	0.0	-1.0	0.0	-1.0
16.0	17	0.62	-6.96	1	1.0	3.196	0.0	-1.0	0.0	-1.0	0.0	-1.0	0.0	-1.0	0.0	-1.0	0.0	-1.0	1.0	2.133	1.0	2.252
16.0	28	-11.15	10.78	1	0.0	-1.0	0.0	-1.0	0.0	-1.0	0.0	-1.0	0.0	-1.0	0.0	-1.0	1.0	1.878	1.0	1.628	1.0	1.833
16.0	36	1.88	-1.19	1	0.0	-1.0	0.0	-1.0	0.0	-1.0	0.0	-1.0	0.0	-1.0	0.0	-1.0	0.0	-1.0	0.0	-1.0	0.0	-1.0
16.0	0	5.58	-5.12	1	0.0	-1.0	1.0	1.899	1.0	1.848	0.0	-1.0	0.0	-1.0	1.0	1.967	0.0	-1.0	0.0	-1.0	0.0	-1.0
16.0	44	-12.96	5.47	1	0.0	-1.0	0.0	-1.0	0.0	-1.0	0.0	-1.0	0.0	-1.0	0.0	-1.0	0.0	-1.0	0.0	-1.0	0.0	-1.0
16.0	10	-2.58	13.49	1	0.0	-1.0	0.0	-1.0	0.0	-1.0	0.0	-1.0	0.0	-1.0	0.0	-1.0	0.0	-1.0	0.0	-1.0	0.0	-1.0
16.0	24	10.18	9.49	1	1.0	3.105	0.0	-1.0	0.0	-1.0	0.0	-1.0	0.0	-1.0	0.0	-1.0	0.0	-1.0	0.0	-1.0	0.0	-1.0
16.0	26	10.07	8.62	1	0.0	-1.0	0.0	-1.0	0.0	-1.0	0.0	-1.0	0.0	-1.0	0.0	-1.0	0.0	-1.0	0.0	-1.0	0.0	-1.0
16.0	16	25.31	-6.81	4	1.0	2.526	0.0	-1.0	1.0	1.812	1.0	1.241	1.0	0.731	1.0	0.85	1.0	1.248	1.0	0.83	0.0	-1.0
16.0	40	-0.74	3.47	1	1.0	2.335	1.0	2.146	1.0	2.271	0.0	-1.0	0.0	-1.0	0.0	-1.0	0.0	-1.0	0.0	-1.0	0.0	-1.0
16.0	38	0.12	3.33	1	0.0	-1.0	0.0	-1.0	1.0	3.18	0.0	-1.0	0.0	-1.0	0.0	-1.0	1.0	2.828	1.0	2.728	1.0	3.547
16.0	5	-8.99	48.32	1	0.0	-1.0	0.0	-1.0	0.0	-1.0	0.0	-1.0	0.0	-1.0	0.0	-1.0	0.0	-1.0	0.0	-1.0	0.0	-1.0
16.0	34	12.43	-4.11	1	1.0	3.332	0.0	-1.0	0.0	-1.0	0.0	-1.0	0.0	-1.0	0.0	-1.0	1.0	2.484	1.0	2.361	1.0	2.48
16.0	14	-1.73	14.71	1	0.0	-1.0	0.0	-1.0	0.0	-1.0	0.0	-1.0	0.0	-1.0	0.0	-1.0	0.0	-1.0	0.0	-1.0	0.0	-1.0
16.0	12	-1.63	13.77	1	0.0	-1.0	0.0	-1.0	0.0	-1.0	0.0	-1.0	0.0	-1.0	0.0	-1.0	0.0	-1.0	0.0	-1.0	0.0	-1.0
17.0	5	-8.71	48.18	1	0.0	-1.0	0.0	-1.0	0.0	-1.0	0.0	-1.0	0.0	-1.0	0.0	-1.0	0.0	-1.0	0.0	-1.0	0.0	-1.0
17.0	44	-12.32	5.47	1	0.0	-1.0	0.0	-1.0	0.0	-1.0	0.0	-1.0	0.0	-1.0	0.0	-1.0	0.0	-1.0	0.0	-1.0	0.0	-1.0
17.0	6	24.96	43.81	1	1.0	2.789	1.0	1.862	1.0	1.863	0.0	-1.0	0.0	-1.0	1.0	1.989	0.0	-1.0	0.0	-1.0	0.0	-1.0
17.0	23	2.8	48.54	1	0.0	-1.0	0.0	-1.0	0.0	-1.0	0.0	-1.0	0.0	-1.0	1.0	2.808	0.0	-1.0	0.0	-1.0	1.0	2.87
17.0	46	3.89	-3.52	1	0.0	-1.0	0.0	-1.0	0.0	-1.0	0.0	-1.0	0.0	-1.0	0.0	-1.0	0.0	-1.0	0.0	-1.0	0.0	-1.0
17.0	32	9.63	10.92	1	0.0	-1.0	0.0	-1.0	0.0	-1.0	0.0	-1.0	0.0	-1.0	0.0	-1.0	0.0	-1.0	0.0	-1.0	0.0	-1.0
17.0	17	0.62	-7.7	1	1.0	3.608	0.0	-1.0	0.0	-1.0	0.0	-1.0	0.0	-1.0	0.0	-1.0	0.0	-1.0	1.0	2.104	1.0	2.786
17.0	21	-1.66	16.94	1	0.0	-1.0	0.0	-1.0	0.0	-1.0	0.0	-1.0	0.0	-1.0	0.0	-1.0	1.0	2.239	1.0	1.337	1.0	2.127
17.0	26	9.56	8.62	1	0.0	-1.0	0.0	-1.0	0.0	-1.0	0.0	-1.0	0.0	-1.0	0.0	-1.0	0.0	-1.0	0.0	-1.0	0.0	-1.0
17.0	19	8.28	11.49	1	0.0	-1.0	0.0	-1.0	0.0	-1.0	0.0	-1.0	0.0	-1.0	0.0	-1.0	0.0	-1.0	0.0	-1.0	0.0	-1.0
17.0	28	-10.58	10.78	1	0.0	-1.0	0.0	-1.0	0.0	-1.0	0.0	-1.0	0.0	-1.0	0.0	-1.0	1.0	1.855	1.0	1.625	1.0	1.934
17.0	30	-11.05	10.05	1	0.0	-1.0	0.0	-1.0	0.0	-1.0	0.0	-1.0	0.0	-1.0	0.0	-1.0	1.0	2.572	1.0	2.352	1.0	2.443
17.0	16	25.31	-6.81	4	1.0	2.526	0.0	-1.0	1.0	1.812	1.0	1.241	1.0	0.731	1.0	0.85	1.0	1.248	1.0	0.83	0.0	-1.0
17.0	14	-1.73	14.71	1	0.0	-1.0	0.0	-1.0	0.0	-1.0	0.0	-1.0	0.0	-1.0	0.0	-1.0	0.0	-1.0	0.0	-1.0	0.0	-1.0
17.0	34	12.07	-4.11	1	1.0	3.369	0.0	-1.0	0.0	-1.0	0.0	-1.0	0.0	-1.0	0.0	-1.0	1.0	2.517	1.0	2.403	1.0	2.508
17.0	10	-2.58	13.49	1	0.0	-1.0	0.0	-1.0	0.0	-1.0	0.0	-1.0	0.0	-1.0	0.0	-1.0	0.0	-1.0	0.0	-1.0	0.0	-1.0
17.0	12	-1.63	13.77	1	0.0	-1.0	0.0	-1.0	0.0	-1.0	0.0	-1.0	0.0	-1.0	0.0	-1.0	0.0	-1.0	0.0	-1.0	0.0	-1.0
17.0	24	9.74	9.49	1	1.0	3.05	0.0	-1.0	0.0	-1.0	0.0	-1.0	0.0	-1.0	0.0	-1.0	0.0	-1.0	0.0	-1.0	0.0	-1.0
17.0	42	1.04	17.93	1	0.0	-1.0	0.0	-1.0	0.0	-1.0	0.0	-1.0	0.0	-1.0	0.0	-1.0	1.0	2.085	1.0	1.913	1.0	2.173
17.0	8	-3.43	13.49	4	0.0	-1.0	0.0	-1.0	0.0	-1.0	0.0	-1.0	0.0	-1.0	0.0	-1.0	0.0	-1.0	0.0	-1.0	0.0	-1.0
17.0	0	6.0	-5.26	1	1.0	3.29	1.0	1.684	1.0	1.687	0.0	-1.0	0.0	-1.0	1.0	1.813	0.0	-1.0	0.0	-1.0	0.0	-1.0
17.0	38	0.09	2.62	1	0.0	-1.0	0.0	-1.0	1.0	3.128	0.0	-1.0	0.0	-1.0	0.0	-1.0	1.0	2.805	1.0	2.734	1.0	3.707
17.0	40	-0.89	2.9	1	1.0	2.186	1.0	2.065	1.0	2.098	0.0	-1.0	0.0	-1.0	0.0	-1.0	0.0	-1.0	0.0	-1.0	0.0	-1.0
17.0	36	1.88	-1.19	1	0.0	-1.0	0.0	-1.0	0.0	-1.0	0.0	-1.0	0.0	-1.0	0.0	-1.0	0.0	-1.0	0.0	-1.0	0.0	-1.0
18.0	23	2.73	48.18	1	0.0	-1.0	0.0	-1.0	0.0	-1.0	0.0	-1.0	0.0	-1.0	1.0	2.443	0.0	-1.0	0.0	-1.0	1.0	2.45
18.0	19	8.28	11.49	1	0.0	-1.0	0.0	-1.0	0.0	-1.0	0.0	-1.0	0.0	-1.0	0.0	-1.0	0.0	-1.0	0.0	-1.0	0.0	-1.0
18.0	46	3.89	-3.52	1	0.0	-1.0	0.0	-1.0	0.0	-1.0	0.0	-1.0	0.0	-1.0	0.0	-1.0	0.0	-1.0	0.0	-1.0	0.0	-1.0
18.0	17	0.62	-8.55	1	0.0	-1.0	0.0	-1.0	0.0	-1.0	0.0	-1.0	0.0	-1.0	0.0	-1.0	1.0	2.377	1.0	2.052	1.0	2.736
18.0	8	-3.43	13.49	4	0.0	-1.0	0.0	-1.0	0.0	-1.0	0.0	-1.0	0.0	-1.0	0.0	-1.0	0.0	-1.0	0.0	-1.0	0.0	-1.0
18.0	0	6.44	-5.26	1	1.0	3.217	1.0	1.656	1.0	1.661	0.0	-1.0	0.0	-1.0	1.0	1.739	0.0	-1.0	0.0	-1.0	0.0	-1.0
18.0	14	-1.73	14.71	1	0.0	-1.0	0.0	-1.0	0.0	-1.0	0.0	-1.0	0.0	-1.0	0.0	-1.0	0.0	-1.0	0.0	-1.0	0.0	-1.0
18.0	12	-1.63	13.77	1	0.0	-1.0	0.0	-1.0	0.0	-1.0	0.0	-1.0	0.0	-1.0	0.0	-1.0	0.0	-1.0	0.0	-1.0	0.0	-1.0
18.0	21	-1.88	17.51	1	0.0	-1.0	0.0	-1.0	0.0	-1.0	0.0	-1.0	0.0	-1.0	1.0	1.647	1.0	1.705	1.0	1.068	1.0	1.279
18.0	10	-2.58	13.49	1	0.0	-1.0	0.0	-1.0	0.0	-1.0	0.0	-1.0	0.0	-1.0	0.0	-1.0	0.0	-1.0	0.0	-1.0	0.0	-1.0
18.0	6	25.17	43.81	1	1.0	2.666	1.0	1.869	1.0	1.871	0.0	-1.0	0.0	-1.0	1.0	1.999	0.0	-1.0	0.0	-1.0	0.0	-1.0
18.0	5	-8.43	48.11	1	0.0	-1.0	0.0	-1.0	1.0	3.889	0.0	-1.0	0.0	-1.0	0.0	-1.0	0.0	-1.0	0.0	-1.0	0.0	-1.0
18.0	16	25.31	-6.67	4	1.0	2.35	0.0	-1.0	1.0	1.582	1.0	1.116	1.0	0.778	1.0	0.829	1.0	1.131	1.0	0.772	0.0	-1.0
18.0	42	1.04	17.36	1	0.0	-1.0	0.0	-1.0	0.0	-1.0	0.0	-1.0	0.0	-1.0	0.0	-1.0	1.0	2.099	1.0	1.954	0.0	-1.0
18.0	24	9.24	9.49	1	0.0	-1.0	0.0	-1.0	0.0	-1.0	0.0	-1.0	0.0	-1.0	0.0	-1.0	0.0	-1.0	0.0	-1.0	0.0	-1.0
18.0	34	11.72	-4.11	1	0.0	-1.0	0.0	-1.0	0.0	-1.0	0.0	-1.0	0.0	-1.0	0.0	-1.0	1.0	2.548	1.0	2.446	1.0	2.527
18.0	26	9.06	8.62	1	0.0	-1.0	0.0	-1.0	0.0	-1.0	0.0	-1.0	0.0	-1.0	0.0	-1.0	0.0	-1.0	0.0	-1.0	0.0	-1.0
18.0	40	-0.96	2.34	1	1.0	2.198	1.0	1.997	1.0	2.061	0.0	-1.0	0.0	-1.0	0.0	-1.0	0.0	-1.0	0.0	-1.0	0.0	-1.0
18.0	28	-9.93	10.78	1	0.0	-1.0	0.0	-1.0	0.0	-1.0	0.0	-1.0	0.0	-1.0	0.0	-1.0	1.0	1.999	1.0	1.608	1.0	1.747
18.0	44	-11.75	5.47	1	0.0	-1.0	0.0	-1.0	0.0	-1.0	0.0	-1.0	0.0	-1.0	0.0	-1.0	0.0	-1.0	0.0	-1.0	0.0	-1.0
18.0	38	0.09	2.04	1	0.0	-1.0	0.0	-1.0	1.0	3.592	0.0	-1.0	0.0	-1.0	0.0	-1.0	1.0	2.818	1.0	2.71	1.0	3.562
18.0	32	9.63	10.92	1	0.0	-1.0	0.0	-1.0	0.0	-1.0	0.0	-1.0	0.0	-1.0	0.0	-1.0	0.0	-1.0	0.0	-1.0	0.0	-1.0
18.0	36	1.88	-1.19	1	0.0	-1.0	0.0	-1.0	0.0	-1.0	0.0	-1.0	0.0	-1.0	0.0	-1.0	0.0	-1.0	0.0	-1.0	0.0	-1.0
18.0	30	-10.62	10.05	1	0.0	-1.0	0.0	-1.0	0.0	-1.0	0.0	-1.0	0.0	-1.0	0.0	-1.0	1.0	2.581	1.0	2.353	1.0	2.458
19.0	8	-3.43	13.49	4	0.0	-1.0	0.0	-1.0	0.0	-1.0	0.0	-1.0	0.0	-1.0	0.0	-1.0	0.0	-1.0	0.0	-1.0	0.0	-1.0
19.0	34	11.43	-4.2	1	0.0	-1.0	0.0	-1.0	0.0	-1.0	0.0	-1.0	0.0	-1.0	0.0	-1.0	1.0	2.472	1.0	2.359	1.0	2.467
19.0	0	6.94	-5.26	1	1.0	2.897	1.0	1.616	1.0	1.617	0.0	-1.0	0.0	-1.0	1.0	1.71	0.0	-1.0	0.0	-1.0	0.0	-1.0
19.0	36	1.88	-1.19	1	0.0	-1.0	0.0	-1.0	0.0	-1.0	0.0	-1.0	0.0	-1.0	0.0	-1.0	0.0	-1.0	0.0	-1.0	0.0	-1.0
19.0	38	0.02	1.47	1	0.0	-1.0	0.0	-1.0	1.0	3.131	0.0	-1.0	0.0	-1.0	0.0	-1.0	1.0	2.916	1.0	2.782	0.0	-1.0
19.0	5	-8.21	47.9	1	0.0	-1.0	0.0	-1.0	1.0	3.676	0.0	-1.0	0.0	-1.0	0.0	-1.0	0.0	-1.0	0.0	-1.0	0.0	-1.0
19.0	40	-1.03	1.75	1	1.0	2.154	1.0	1.964	1.0	1.992	0.0	-1.0	0.0	-1.0	0.0	-1.0	0.0	-1.0	0.0	-1.0	0.0	-1.0
19.0	23	2.69	47.9	1	0.0	-1.0	0.0	-1.0	0.0	-1.0	0.0	-1.0	0.0	-1.0	1.0	2.161	0.0	-1.0	0.0	-1.0	1.0	2.205
19.0	21	-1.95	17.93	1	0.0	-1.0	0.0	-1.0	0.0	-1.0	0.0	-1.0	1.0	0.981	1.0	1.52	1.0	1.556	1.0	1.005	1.0	1.186
19.0	32	9.63	10.92	1	0.0	-1.0	0.0	-1.0	0.0	-1.0	0.0	-1.0	0.0	-1.0	0.0	-1.0	0.0	-1.0	0.0	-1.0	0.0	-1.0
19.0	6	25.56	43.81	1	1.0	2.646	1.0	1.871	1.0	1.884	0.0	-1.0	0.0	-1.0	0.0	-1.0	0.0	-1.0	0.0	-1.0	0.0	-1.0
19.0	42	1.01	16.94	1	0.0	-1.0	0.0	-1.0	0.0	-1.0	0.0	-1.0	0.0	-1.0	0.0	-1.0	0.0	-1.0	1.0	1.995	0.0	-1.0
19.0	10	-2.58	13.49	1	0.0	-1.0	0.0	-1.0	0.0	-1.0	0.0	-1.0	0.0	-1.0	0.0	-1.0	0.0	-1.0	0.0	-1.0	0.0	-1.0
19.0	26	8.64	8.62	1	0.0	-1.0	0.0	-1.0	0.0	-1.0	0.0	-1.0	0.0	-1.0	0.0	-1.0	0.0	-1.0	0.0	-1.0	0.0	-1.0
19.0	46	3.89	-3.52	1	0.0	-1.0	0.0	-1.0	0.0	-1.0	0.0	-1.0	0.0	-1.0	0.0	-1.0	0.0	-1.0	0.0	-1.0	0.0	-1.0
19.0	28	-9.43	10.92	1	0.0	-1.0	0.0	-1.0	0.0	-1.0	0.0	-1.0	0.0	-1.0	0.0	-1.0	1.0	1.733	1.0	1.45	1.0	1.654
19.0	19	8.28	11.49	1	0.0	-1.0	0.0	-1.0	0.0	-1.0	0.0	-1.0	0.0	-1.0	0.0	-1.0	0.0	-1.0	0.0	-1.0	0.0	-1.0
19.0	17	0.62	-9.26	1	0.0	-1.0	0.0	-1.0	0.0	-1.0	0.0	-1.0	0.0	-1.0	0.0	-1.0	1.0	2.663	1.0	2.05	1.0	2.499
19.0	24	8.74	9.49	1	0.0	-1.0	0.0	-1.0	0.0	-1.0	0.0	-1.0	0.0	-1.0	0.0	-1.0	0.0	-1.0	0.0	-1.0	0.0	-1.0
19.0	30	-10.11	10.05	1	0.0	-1.0	0.0	-1.0	0.0	-1.0	0.0	-1.0	0.0	-1.0	0.0	-1.0	1.0	2.512	1.0	2.349	1.0	2.532
19.0	14	-1.73	14.71	1	0.0	-1.0	0.0	-1.0	0.0	-1.0	0.0	-1.0	0.0	-1.0	0.0	-1.0	0.0	-1.0	0.0	-1.0	0.0	-1.0
19.0	44	-11.19	5.47	1	0.0	-1.0	0.0	-1.0	0.0	-1.0	0.0	-1.0	0.0	-1.0	0.0	-1.0	0.0	-1.0	0.0	-1.0	0.0	-1.0
19.0	12	-1.63	13.77	1	0.0	-1.0	0.0	-1.0	0.0	-1.0	0.0	-1.0	0.0	-1.0	0.0	-1.0	0.0	-1.0	0.0	-1.0	0.0	-1.0
19.0	16	25.31	-6.67	4	1.0	2.35	0.0	-1.0	1.0	1.582	1.0	1.116	1.0	0.778	1.0	0.829	1.0	1.131	1.0	0.772	0.0	-1.0
20.0	37	1.88	-1.19	1	0.0	-1.0	0.0	-1.0	0.0	-1.0	0.0	-1.0	0.0	-1.0	0.0	-1.0	0.0	-1.0	0.0	-1.0	0.0	-1.0
20.0	43	0.94	16.34	1	0.0	-1.0	0.0	-1.0	0.0	-1.0	0.0	-1.0	0.0	-1.0	0.0	-1.0	1.0	2.134	1.0	2.093	1.0	2.301
20.0	41	-1.03	1.19	1	0.0	-1.0	0.0	-1.0	0.0	-1.0	0.0	-1.0	0.0	-1.0	0.0	-1.0	0.0	-1.0	0.0	-1.0	0.0	-1.0
20.0	1	7.36	-5.4	1	0.0	-1.0	0.0	-1.0	0.0	-1.0	0.0	-1.0	0.0	-1.0	0.0	-1.0	0.0	-1.0	0.0	-1.0	0.0	-1.0
20.0	39	-0.05	0.9	1	0.0	-1.0	1.0	2.985	1.0	2.906	0.0	-1.0	0.0	-1.0	0.0	-1.0	1.0	2.876	1.0	2.843	0.0	-1.0
20.0	35	11.06	-4.2	1	0.0	-1.0	0.0	-1.0	0.0	-1.0	0.0	-1.0	0.0	-1.0	0.0	-1.0	0.0	-1.0	0.0	-1.0	0.0	-1.0
20.0	18	0.69	-9.97	1	0.0	-1.0	0.0	-1.0	0.0	-1.0	0.0	-1.0	0.0	-1.0	0.0	-1.0	1.0	2.268	1.0	1.971	1.0	2.079
20.0	33	9.63	10.92	1	0.0	-1.0	0.0	-1.0	0.0	-1.0	0.0	-1.0	0.0	-1.0	0.0	-1.0	0.0	-1.0	0.0	-1.0	0.0	-1.0
20.0	31	-9.61	10.2	1	0.0	-1.0	0.0	-1.0	0.0	-1.0	0.0	-1.0	0.0	-1.0	0.0	-1.0	0.0	-1.0	0.0	-1.0	0.0	-1.0
20.0	29	-8.99	10.92	1	0.0	-1.0	0.0	-1.0	0.0	-1.0	0.0	-1.0	1.0	1.677	1.0	1.617	1.0	1.727	1.0	1.444	1.0	1.419
20.0	27	8.14	8.62	1	0.0	-1.0	0.0	-1.0	0.0	-1.0	0.0	-1.0	0.0	-1.0	0.0	-1.0	0.0	-1.0	0.0	-1.0	0.0	-1.0
20.0	25	8.32	9.49	1	0.0	-1.0	0.0	-1.0	0.0	-1.0	0.0	-1.0	0.0	-1.0	0.0	-1.0	0.0	-1.0	0.0	-1.0	0.0	-1.0
20.0	22	-1.95	18.36	1	0.0	-1.0	0.0	-1.0	0.0	-1.0	0.0	-1.0	1.0	0.994	1.0	1.3	1.0	1.472	1.0	1.006	1.0	1.442
20.0	13	-1.63	13.77	1	0.0	-1.0	0.0	-1.0	0.0	-1.0	0.0	-1.0	0.0	-1.0	0.0	-1.0	0.0	-1.0	0.0	-1.0	0.0	-1.0
20.0	45	-10.6	5.47	1	0.0	-1.0	0.0	-1.0	0.0	-1.0	0.0	-1.0	0.0	-1.0	0.0	-1.0	0.0	-1.0	0.0	-1.0	0.0	-1.0
20.0	20	8.28	11.49	1	0.0	-1.0	0.0	-1.0	0.0	-1.0	0.0	-1.0	0.0	-1.0	0.0	-1.0	0.0	-1.0	0.0	-1.0	0.0	-1.0
20.0	9	-3.43	13.49	4	0.0	-1.0	0.0	-1.0	0.0	-1.0	0.0	-1.0	0.0	-1.0	0.0	-1.0	0.0	-1.0	0.0	-1.0	0.0	-1.0
20.0	11	-2.58	13.49	1	0.0	-1.0	0.0	-1.0	0.0	-1.0	0.0	-1.0	0.0	-1.0	0.0	-1.0	0.0	-1.0	0.0	-1.0	0.0	-1.0
20.0	15	-1.73	14.71	1	0.0	-1.0	0.0	-1.0	0.0	-1.0	0.0	-1.0	0.0	-1.0	0.0	-1.0	0.0	-1.0	0.0	-1.0	0.0	-1.0
20.0	6	25.42	43.89	1	1.0	2.75	1.0	1.925	1.0	1.917	0.0	-1.0	0.0	-1.0	0.0	-1.0	0.0	-1.0	0.0	-1.0	0.0	-1.0
20.0	47	3.89	-3.52	1	0.0	-1.0	0.0	-1.0	0.0	-1.0	0.0	-1.0	0.0	-1.0	0.0	-1.0	0.0	-1.0	0.0	-1.0	0.0	-1.0
20.0	5	-7.93	47.76	1	0.0	-1.0	0.0	-1.0	1.0	3.583	0.0	-1.0	0.0	-1.0	0.0	-1.0	0.0	-1.0	0.0	-1.0	0.0	-1.0
20.0	23	2.66	47.61	1	0.0	-1.0	0.0	-1.0	0.0	-1.0	0.0	-1.0	0.0	-1.0	1.0	1.88	0.0	-1.0	0.0	-1.0	1.0	1.88
21.0	39	-0.19	0.34	1	0.0	-1.0	1.0	2.566	1.0	2.55	0.0	-1.0	0.0	-1.0	0.0	-1.0	1.0	2.992	1.0	3.001	0.0	-1.0
21.0	47	3.89	-3.52	1	0.0	-1.0	0.0	-1.0	0.0	-1.0	0.0	-1.0	0.0	-1.0	0.0	-1.0	0.0	-1.0	0.0	-1.0	0.0	-1.0
21.0	25	7.82	9.49	1	0.0	-1.0	0.0	-1.0	0.0	-1.0	0.0	-1.0	0.0	-1.0	0.0	-1.0	0.0	-1.0	0.0	-1.0	0.0	-1.0
21.0	27	7.65	8.62	1	0.0	-1.0	0.0	-1.0	0.0	-1.0	0.0	-1.0	0.0	-1.0	0.0	-1.0	0.0	-1.0	0.0	-1.0	0.0	-1.0
21.0	45	-9.97	5.47	1	0.0	-1.0	0.0	-1.0	0.0	-1.0	0.0	-1.0	0.0	-1.0	0.0	-1.0	0.0	-1.0	0.0	-1.0	0.0	-1.0
21.0	37	1.88	-1.19	1	0.0	-1.0	0.0	-1.0	0.0	-1.0	0.0	-1.0	0.0	-1.0	0.0	-1.0	0.0	-1.0	0.0	-1.0	0.0	-1.0
21.0	11	-2.58	13.49	1	0.0	-1.0	0.0	-1.0	0.0	-1.0	0.0	-1.0	0.0	-1.0	0.0	-1.0	0.0	-1.0	0.0	-1.0	0.0	-1.0
21.0	29	-8.5	11.06	1	0.0	-1.0	0.0	-1.0	0.0	-1.0	0.0	-1.0	1.0	1.323	1.0	1.494	1.0	1.721	1.0	1.288	1.0	1.307
21.0	35	10.71	-4.2	1	0.0	-1.0	0.0	-1.0	0.0	-1.0	0.0	-1.0	0.0	-1.0	0.0	-1.0	0.0	-1.0	0.0	-1.0	0.0	-1.0
21.0	31	-9.1	10.2	1	0.0	-1.0	0.0	-1.0	0.0	-1.0	0.0	-1.0	0.0	-1.0	0.0	-1.0	0.0	-1.0	0.0	-1.0	0.0	-1.0
21.0	9	-3.43	13.49	4	0.0	-1.0	0.0	-1.0	0.0	-1.0	0.0	-1.0	0.0	-1.0	0.0	-1.0	0.0	-1.0	0.0	-1.0	0.0	-1.0
21.0	7	25.24	43.97	1	0.0	-1.0	0.0	-1.0	0.0	-1.0	0.0	-1.0	0.0	-1.0	0.0	-1.0	1.0	2.037	1.0	2.033	1.0	2.729
21.0	22	-2.02	18.78	1	0.0	-1.0	0.0	-1.0	0.0	-1.0	1.0	2.557	1.0	0.924	1.0	1.228	1.0	1.404	1.0	0.936	1.0	1.92
21.0	33	9.63	10.92	1	0.0	-1.0	0.0	-1.0	0.0	-1.0	0.0	-1.0	0.0	-1.0	0.0	-1.0	0.0	-1.0	0.0	-1.0	0.0	-1.0
21.0	1	7.79	-5.4	1	0.0	-1.0	0.0	-1.0	0.0	-1.0	0.0	-1.0	0.0	-1.0	0.0	-1.0	0.0	-1.0	0.0	-1.0	0.0	-1.0
21.0	41	-1.03	0.62	1	0.0	-1.0	0.0	-1.0	0.0	-1.0	0.0	-1.0	0.0	-1.0	0.0	-1.0	0.0	-1.0	0.0	-1.0	0.0	-1.0
21.0	13	-1.63	13.77	1	0.0	-1.0	0.0	-1.0	0.0	-1.0	0.0	-1.0	0.0	-1.0	0.0	-1.0	0.0	-1.0	0.0	-1.0	0.0	-1.0
21.0	23	2.66	47.33	1	0.0	-1.0	0.0	-1.0	0.0	-1.0	0.0	-1.0	0.0	-1.0	1.0	1.628	0.0	-1.0	0.0	-1.0	1.0	1.701
21.0	20	8.28	11.49	1	0.0	-1.0	0.0	-1.0	0.0	-1.0	0.0	-1.0	0.0	-1.0	0.0	-1.0	0.0	-1.0	0.0	-1.0	0.0	-1.0
21.0	43	0.87	15.91	1	0.0	-1.0	0.0	-1.0	0.0	-1.0	0.0	-1.0	0.0	-1.0	0.0	-1.0	1.0	2.24	1.0	2.19	1.0	2.38
21.0	5	-7.58	47.54	1	0.0	-1.0	0.0	-1.0	1.0	3.373	0.0	-1.0	0.0	-1.0	0.0	-1.0	0.0	-1.0	0.0	-1.0	0.0	-1.0
21.0	18	0.76	-10.69	1	0.0	-1.0	0.0	-1.0	0.0	-1.0	0.0	-1.0	0.0	-1.0	0.0	-1.0	1.0	2.19	1.0	1.896	1.0	1.976
21.0	15	-1.73	14.71	1	0.0	-1.0	0.0	-1.0	0.0	-1.0	0.0	-1.0	0.0	-1.0	0.0	-1.0	0.0	-1.0	0.0	-1.0	0.0	-1.0
22.0	20	8.28	11.49	1	0.0	-1.0	0.0	-1.0	0.0	-1.0	0.0	-1.0	0.0	-1.0	0.0	-1.0	0.0	-1.0	0.0	-1.0	0.0	-1.0
22.0	23	2.66	46.89	1	0.0	-1.0	0.0	-1.0	0.0	-1.0	0.0	-1.0	0.0	-1.0	1.0	1.245	0.0	-1.0	1.0	1.431	1.0	1.32
22.0	15	-1.73	14.71	1	0.0	-1.0	0.0	-1.0	0.0	-1.0	0.0	-1.0	0.0	-1.0	0.0	-1.0	0.0	-1.0	0.0	-1.0	0.0	-1.0
22.0	7	25.05	44.06	1	0.0	-1.0	0.0	-1.0	0.0	-1.0	0.0	-1.0	0.0	-1.0	0.0	-1.0	1.0	2.115	1.0	2.111	1.0	2.98
22.0	29	-8.07	11.06	1	0.0	-1.0	0.0	-1.0	0.0	-1.0	0.0	-1.0	0.0	-1.0	1.0	1.61	1.0	1.691	1.0	1.295	1.0	1.323
22.0	11	-2.58	13.49	1	0.0	-1.0	0.0	-1.0	0.0	-1.0	0.0	-1.0	0.0	-1.0	0.0	-1.0	0.0	-1.0	0.0	-1.0	0.0	-1.0
22.0	27	7.22	8.62	1	0.0	-1.0	0.0	-1.0	0.0	-1.0	0.0	-1.0	0.0	-1.0	0.0	-1.0	0.0	-1.0	0.0	-1.0	0.0	-1.0
22.0	25	7.33	9.49	1	0.0	-1.0	0.0	-1.0	0.0	-1.0	0.0	-1.0	0.0	-1.0	0.0	-1.0	0.0	-1.0	0.0	-1.0	0.0	-1.0
22.0	13	-1.63	13.77	1	0.0	-1.0	0.0	-1.0	0.0	-1.0	0.0	-1.0	0.0	-1.0	0.0	-1.0	0.0	-1.0	0.0	-1.0	0.0	-1.0
22.0	5	-7.29	47.26	1	0.0	-1.0	0.0	-1.0	1.0	3.088	0.0	-1.0	0.0	-1.0	0.0	-1.0	0.0	-1.0	0.0	-1.0	0.0	-1.0
22.0	18	0.83	-11.56	1	0.0	-1.0	0.0	-1.0	0.0	-1.0	0.0	-1.0	0.0	-1.0	0.0	-1.0	1.0	2.029	1.0	1.783	1.0	1.932
22.0	22	-2.02	19.35	1	0.0	-1.0	0.0	-1.0	0.0	-1.0	1.0	2.36	1.0	0.908	1.0	1.486	1.0	1.476	1.0	0.925	1.0	2.363
22.0	31	-8.6	10.2	1	0.0	-1.0	0.0	-1.0	0.0	-1.0	0.0	-1.0	0.0	-1.0	0.0	-1.0	0.0	-1.0	0.0	-1.0	0.0	-1.0
22.0	35	10.43	-4.2	1	0.0	-1.0	0.0	-1.0	0.0	-1.0	0.0	-1.0	0.0	-1.0	0.0	-1.0	0.0	-1.0	0.0	-1.0	0.0	-1.0
22.0	45	-9.4	5.47	1	0.0	-1.0	0.0	-1.0	0.0	-1.0	0.0	-1.0	0.0	-1.0	0.0	-1.0	0.0	-1.0	0.0	-1.0	0.0	-1.0
22.0	37	1.88	-1.19	1	0.0	-1.0	0.0	-1.0	0.0	-1.0	0.0	-1.0	0.0	-1.0	0.0	-1.0	0.0	-1.0	0.0	-1.0	0.0	-1.0
22.0	47	3.89	-3.52	1	0.0	-1.0	0.0	-1.0	0.0	-1.0	0.0	-1.0	0.0	-1.0	0.0	-1.0	0.0	-1.0	0.0	-1.0	0.0	-1.0
22.0	9	-3.43	13.49	4	0.0	-1.0	0.0	-1.0	0.0	-1.0	0.0	-1.0	0.0	-1.0	0.0	-1.0	0.0	-1.0	0.0	-1.0	0.0	-1.0
22.0	43	0.8	15.35	1	0.0	-1.0	0.0	-1.0	0.0	-1.0	0.0	-1.0	0.0	-1.0	0.0	-1.0	1.0	2.305	1.0	2.288	1.0	2.526
22.0	39	-0.28	-0.11	1	1.0	3.824	1.0	2.267	1.0	2.291	0.0	-1.0	0.0	-1.0	0.0	-1.0	1.0	3.129	0.0	-1.0	0.0	-1.0
22.0	33	9.63	10.92	1	0.0	-1.0	0.0	-1.0	0.0	-1.0	0.0	-1.0	0.0	-1.0	0.0	-1.0	0.0	-1.0	0.0	-1.0	0.0	-1.0
22.0	41	-1.03	0.04	1	0.0	-1.0	0.0	-1.0	0.0	-1.0	0.0	-1.0	0.0	-1.0	0.0	-1.0	0.0	-1.0	0.0	-1.0	0.0	-1.0
22.0	1	8.28	-5.54	1	1.0	1.63	1.0	1.255	1.0	1.296	0.0	-1.0	0.0	-1.0	1.0	1.49	0.0	-1.0	0.0	-1.0	0.0	-1.0
23.0	22	-2.09	19.77	1	0.0	-1.0	0.0	-1.0	0.0	-1.0	1.0	1.723	1.0	0.811	1.0	1.223	1.0	1.42	1.0	0.811	0.0	-1.0
23.0	39	-0.28	-0.67	1	1.0	3.824	1.0	2.044	1.0	2.051	0.0	-1.0	0.0	-1.0	0.0	-1.0	1.0	3.135	0.0	-1.0	0.0	-1.0
23.0	1	8.71	-5.54	1	1.0	1.655	1.0	1.232	1.0	1.319	0.0	-1.0	0.0	-1.0	1.0	1.47	0.0	-1.0	0.0	-1.0	0.0	-1.0
23.0	33	9.63	10.92	1	0.0	-1.0	0.0	-1.0	0.0	-1.0	0.0	-1.0	0.0	-1.0	0.0	-1.0	0.0	-1.0	0.0	-1.0	0.0	-1.0
23.0	41	-1.03	-0.53	1	0.0	-1.0	0.0	-1.0	0.0	-1.0	0.0	-1.0	0.0	-1.0	0.0	-1.0	0.0	-1.0	0.0	-1.0	0.0	-1.0
23.0	13	-1.63	13.77	1	0.0	-1.0	0.0	-1.0	0.0	-1.0	0.0	-1.0	0.0	-1.0	0.0	-1.0	0.0	-1.0	0.0	-1.0	0.0	-1.0
23.0	45	-8.81	5.47	1	0.0	-1.0	0.0	-1.0	0.0	-1.0	0.0	-1.0	0.0	-1.0	0.0	-1.0	0.0	-1.0	0.0	-1.0	0.0	-1.0
23.0	18	0.9	-12.27	1	0.0	-1.0	0.0	-1.0	0.0	-1.0	0.0	-1.0	0.0	-1.0	0.0	-1.0	1.0	1.933	1.0	1.733	1.0	1.838
23.0	43	0.73	14.92	1	0.0	-1.0	0.0	-1.0	0.0	-1.0	0.0	-1.0	0.0	-1.0	0.0	-1.0	1.0	2.398	1.0	2.369	1.0	2.508
23.0	15	-1.73	14.71	1	0.0	-1.0	0.0	-1.0	0.0	-1.0	0.0	-1.0	0.0	-1.0	0.0	-1.0	0.0	-1.0	0.0	-1.0	0.0	-1.0
23.0	20	8.28	11.49	1	0.0	-1.0	0.0	-1.0	0.0	-1.0	0.0	-1.0	0.0	-1.0	0.0	-1.0	0.0	-1.0	0.0	-1.0	0.0	-1.0
23.0	37	1.88	-1.19	1	0.0	-1.0	0.0	-1.0	0.0	-1.0	0.0	-1.0	0.0	-1.0	0.0	-1.0	0.0	-1.0	0.0	-1.0	0.0	-1.0
23.0	23	2.66	46.46	1	0.0	-1.0	0.0	-1.0	0.0	-1.0	0.0	-1.0	1.0	0.863	1.0	0.869	0.0	-1.0	1.0	1.144	1.0	1.156
23.0	47	3.89	-3.52	1	0.0	-1.0	0.0	-1.0	0.0	-1.0	0.0	-1.0	0.0	-1.0	0.0	-1.0	0.0	-1.0	0.0	-1.0	0.0	-1.0
23.0	5	-6.94	47.1	1	0.0	-1.0	0.0	-1.0	1.0	2.917	0.0	-1.0	0.0	-1.0	0.0	-1.0	0.0	-1.0	0.0	-1.0	0.0	-1.0
23.0	11	-2.58	13.49	1	0.0	-1.0	0.0	-1.0	0.0	-1.0	0.0	-1.0	0.0	-1.0	0.0	-1.0	0.0	-1.0	0.0	-1.0	0.0	-1.0
23.0	9	-3.43	13.49	4	0.0	-1.0	0.0	-1.0	0.0	-1.0	0.0	-1.0	0.0	-1.0	0.0	-1.0	0.0	-1.0	0.0	-1.0	0.0	-1.0
23.0	35	9.98	-4.34	1	0.0	-1.0	0.0	-1.0	0.0	-1.0	0.0	-1.0	0.0	-1.0	0.0	-1.0	1.0	2.481	1.0	2.327	1.0	2.494
23.0	31	-8.18	10.34	1	0.0	-1.0	0.0	-1.0	0.0	-1.0	0.0	-1.0	0.0	-1.0	0.0	-1.0	1.0	2.203	1.0	2.037	1.0	2.097
23.0	27	6.73	8.62	1	0.0	-1.0	0.0	-1.0	0.0	-1.0	0.0	-1.0	0.0	-1.0	0.0	-1.0	0.0	-1.0	0.0	-1.0	0.0	-1.0
23.0	7	24.87	44.15	1	0.0	-1.0	0.0	-1.0	0.0	-1.0	1.0	2.398	0.0	-1.0	0.0	-1.0	1.0	2.195	1.0	2.19	1.0	3.237
23.0	25	6.9	9.49	1	0.0	-1.0	0.0	-1.0	0.0	-1.0	0.0	-1.0	0.0	-1.0	0.0	-1.0	0.0	-1.0	0.0	-1.0	0.0	-1.0
23.0	29	-7.65	11.06	1	0.0	-1.0	0.0	-1.0	0.0	-1.0	0.0	-1.0	0.0	-1.0	1.0	1.532	1.0	1.751	1.0	1.315	1.0	1.369
24.0	31	-7.89	10.34	1	0.0	-1.0	0.0	-1.0	0.0	-1.0	0.0	-1.0	0.0	-1.0	0.0	-1.0	1.0	2.234	1.0	2.007	1.0	2.179
24.0	15	-1.73	14.71	1	0.0	-1.0	0.0	-1.0	0.0	-1.0	0.0	-1.0	0.0	-1.0	0.0	-1.0	0.0	-1.0	0.0	-1.0	0.0	-1.0
24.0	43	0.65	14.36	1	0.0	-1.0	0.0	-1.0	0.0	-1.0	0.0	-1.0	0.0	-1.0	0.0	-1.0	1.0	2.482	1.0	2.463	1.0	2.779
24.0	47	3.89	-3.52	1	0.0	-1.0	0.0	-1.0	0.0	-1.0	0.0	-1.0	0.0	-1.0	0.0	-1.0	0.0	-1.0	0.0	-1.0	0.0	-1.0
24.0	33	9.63	10.92	1	0.0	-1.0	0.0	-1.0	0.0	-1.0	0.0	-1.0	0.0	-1.0	0.0	-1.0	0.0	-1.0	0.0	-1.0	0.0	-1.0
24.0	18	0.97	-12.97	1	0.0	-1.0	0.0	-1.0	0.0	-1.0	0.0	-1.0	0.0	-1.0	0.0	-1.0	1.0	1.991	1.0	1.641	1.0	1.759
24.0	25	6.48	9.49	1	0.0	-1.0	0.0	-1.0	0.0	-1.0	0.0	-1.0	0.0	-1.0	0.0	-1.0	0.0	-1.0	0.0	-1.0	0.0	-1.0
24.0	41	-0.99	-0.96	1	1.0	1.967	1.0	1.279	1.0	2.329	0.0	-1.0	0.0	-1.0	0.0	-1.0	0.0	-1.0	0.0	-1.0	0.0	-1.0
24.0	45	-8.18	5.47	1	0.0	-1.0	0.0	-1.0	0.0	-1.0	0.0	-1.0	0.0	-1.0	0.0	-1.0	0.0	-1.0	0.0	-1.0	0.0	-1.0
24.0	27	6.23	8.62	1	0.0	-1.0	0.0	-1.0	0.0	-1.0	0.0	-1.0	0.0	-1.0	0.0	-1.0	0.0	-1.0	0.0	-1.0	0.0	-1.0
24.0	20	8.28	11.49	1	0.0	-1.0	0.0	-1.0	0.0	-1.0	0.0	-1.0	0.0	-1.0	0.0	-1.0	0.0	-1.0	0.0	-1.0	0.0	-1.0
24.0	7	24.68	44.23	1	0.0	-1.0	0.0	-1.0	0.0	-1.0	1.0	2.504	0.0	-1.0	0.0	-1.0	1.0	2.275	1.0	2.268	1.0	3.348
24.0	39	-0.28	-1.1	1	1.0	2.56	1.0	1.888	1.0	1.863	0.0	-1.0	0.0	-1.0	0.0	-1.0	1.0	3.129	0.0	-1.0	0.0	-1.0
24.0	35	9.56	-4.34	1	0.0	-1.0	0.0	-1.0	0.0	-1.0	0.0	-1.0	0.0	-1.0	0.0	-1.0	1.0	2.451	1.0	2.352	1.0	2.514
24.0	22	-2.09	20.21	1	0.0	-1.0	0.0	-1.0	0.0	-1.0	1.0	1.533	1.0	0.832	1.0	1.252	1.0	1.282	1.0	0.811	0.0	-1.0
24.0	29	-7.29	11.2	1	0.0	-1.0	0.0	-1.0	0.0	-1.0	0.0	-1.0	1.0	1.191	1.0	1.464	1.0	1.524	1.0	1.157	1.0	1.198
24.0	37	1.95	-1.33	1	0.0	-1.0	0.0	-1.0	0.0	-1.0	0.0	-1.0	1.0	1.029	0.0	-1.0	1.0	1.271	1.0	1.029	1.0	1.878
24.0	5	-6.58	46.82	1	0.0	-1.0	0.0	-1.0	1.0	2.644	0.0	-1.0	0.0	-1.0	0.0	-1.0	0.0	-1.0	0.0	-1.0	0.0	-1.0
24.0	9	-3.43	13.49	4	0.0	-1.0	0.0	-1.0	0.0	-1.0	0.0	-1.0	0.0	-1.0	0.0	-1.0	0.0	-1.0	0.0	-1.0	0.0	-1.0
24.0	1	9.13	-5.54	1	1.0	1.728	1.0	1.204	1.0	1.285	0.0	-1.0	0.0	-1.0	1.0	1.436	0.0	-1.0	0.0	-1.0	0.0	-1.0
24.0	11	-2.58	13.49	1	0.0	-1.0	0.0	-1.0	0.0	-1.0	0.0	-1.0	0.0	-1.0	0.0	-1.0	0.0	-1.0	0.0	-1.0	0.0	-1.0
24.0	23	2.66	46.04	1	0.0	-1.0	0.0	-1.0	0.0	-1.0	0.0	-1.0	1.0	0.46	1.0	0.84	0.0	-1.0	1.0	0.904	1.0	1.185
24.0	13	-1.63	13.77	1	0.0	-1.0	0.0	-1.0	0.0	-1.0	0.0	-1.0	0.0	-1.0	0.0	-1.0	0.0	-1.0	0.0	-1.0	0.0	-1.0
25.0	25	6.11	9.63	1	0.0	-1.0	0.0	-1.0	0.0	-1.0	0.0	-1.0	0.0	-1.0	0.0	-1.0	0.0	-1.0	0.0	-1.0	0.0	-1.0
25.0	7	24.49	44.32	1	0.0	-1.0	0.0	-1.0	0.0	-1.0	0.0	-1.0	0.0	-1.0	0.0	-1.0	1.0	2.372	1.0	2.381	1.0	3.586
25.0	27	5.72	8.76	1	0.0	-1.0	0.0	-1.0	0.0	-1.0	0.0	-1.0	0.0	-1.0	0.0	-1.0	0.0	-1.0	0.0	-1.0	0.0	-1.0
25.0	20	8.28	11.49	1	0.0	-1.0	0.0	-1.0	0.0	-1.0	0.0	-1.0	0.0	-1.0	0.0	-1.0	0.0	-1.0	0.0	-1.0	0.0	-1.0
25.0	29	-7.08	11.2	1	0.0	-1.0	0.0	-1.0	0.0	-1.0	0.0	-1.0	1.0	1.255	1.0	1.449	1.0	1.55	1.0	1.146	1.0	1.229
25.0	35	9.13	-4.48	1	0.0	-1.0	0.0	-1.0	0.0	-1.0	0.0	-1.0	0.0	-1.0	0.0	-1.0	1.0	2.351	1.0	2.265	1.0	2.356
25.0	13	-1.63	13.77	1	0.0	-1.0	0.0	-1.0	0.0	-1.0	0.0	-1.0	0.0	-1.0	0.0	-1.0	0.0	-1.0	0.0	-1.0	0.0	-1.0
25.0	23	2.66	45.61	1	0.0	-1.0	0.0	-1.0	0.0	-1.0	0.0	-1.0	1.0	0.395	1.0	0.858	0.0	-1.0	1.0	0.852	1.0	2.003
25.0	47	3.89	-3.52	1	0.0	-1.0	0.0	-1.0	0.0	-1.0	0.0	-1.0	0.0	-1.0	0.0	-1.0	0.0	-1.0	0.0	-1.0	0.0	-1.0
25.0	31	-7.54	10.48	1	0.0	-1.0	0.0	-1.0	0.0	-1.0	0.0	-1.0	0.0	-1.0	0.0	-1.0	1.0	2.058	1.0	1.877	1.0	1.948
25.0	9	-3.43	13.49	4	0.0	-1.0	0.0	-1.0	0.0	-1.0	0.0	-1.0	0.0	-1.0	0.0	-1.0	0.0	-1.0	0.0	-1.0	0.0	-1.0
25.0	33	9.63	10.92	1	0.0	-1.0	0.0	-1.0	0.0	-1.0	0.0	-1.0	0.0	-1.0	0.0	-1.0	0.0	-1.0	0.0	-1.0	0.0	-1.0
25.0	5	-6.41	46.68	1	0.0	-1.0	1.0	2.848	1.0	2.478	0.0	-1.0	0.0	-1.0	0.0	-1.0	0.0	-1.0	0.0	-1.0	0.0	-1.0
25.0	18	1.12	-13.68	1	0.0	-1.0	0.0	-1.0	0.0	-1.0	0.0	-1.0	0.0	-1.0	0.0	-1.0	1.0	1.775	1.0	1.481	1.0	1.575
25.0	11	-2.58	13.49	1	0.0	-1.0	0.0	-1.0	0.0	-1.0	0.0	-1.0	0.0	-1.0	0.0	-1.0	0.0	-1.0	0.0	-1.0	0.0	-1.0
25.0	37	2.02	-1.33	1	0.0	-1.0	0.0	-1.0	0.0	-1.0	0.0	-1.0	0.0	-1.0	0.0	-1.0	0.0	-1.0	1.0	0.994	0.0	-1.0
25.0	22	-2.16	20.66	1	0.0	-1.0	0.0	-1.0	0.0	-1.0	1.0	0.977	1.0	0.749	1.0	1.142	1.0	1.246	1.0	0.754	0.0	-1.0
25.0	41	-0.78	-1.68	1	1.0	1.644	1.0	1.182	1.0	1.517	0.0	-1.0	1.0	1.24	0.0	-1.0	0.0	-1.0	0.0	-1.0	0.0	-1.0
25.0	45	-7.61	5.47	1	0.0	-1.0	0.0	-1.0	0.0	-1.0	0.0	-1.0	0.0	-1.0	0.0	-1.0	0.0	-1.0	0.0	-1.0	0.0	-1.0
25.0	43	0.58	13.93	1	0.0	-1.0	0.0	-1.0	0.0	-1.0	0.0	-1.0	0.0	-1.0	0.0	-1.0	1.0	2.606	1.0	2.525	0.0	-1.0
25.0	15	-1.73	14.71	1	0.0	-1.0	0.0	-1.0	0.0	-1.0	0.0	-1.0	0.0	-1.0	0.0	-1.0	0.0	-1.0	0.0	-1.0	0.0	-1.0
25.0	1	9.56	-5.68	1	1.0	1.475	1.0	1.023	1.0	2.009	0.0	-1.0	1.0	1.01	1.0	1.341	0.0	-1.0	0.0	-1.0	0.0	-1.0
25.0	39	-0.05	-1.68	1	0.0	-1.0	0.0	-1.0	0.0	-1.0	0.0	-1.0	0.0	-1.0	0.0	-1.0	0.0	-1.0	0.0	-1.0	0.0	-1.0
26.0	29	-6.87	11.35	1	0.0	-1.0	0.0	-1.0	0.0	-1.0	0.0	-1.0	1.0	1.022	1.0	1.214	1.0	1.47	1.0	1.023	1.0	1.441
26.0	15	-1.73	14.71	1	0.0	-1.0	0.0	-1.0	0.0	-1.0	0.0	-1.0	0.0	-1.0	0.0	-1.0	0.0	-1.0	0.0	-1.0	0.0	-1.0
26.0	20	8.28	11.49	1	0.0	-1.0	0.0	-1.0	0.0	-1.0	0.0	-1.0	0.0	-1.0	0.0	-1.0	0.0	-1.0	0.0	-1.0	0.0	-1.0
26.0	41	-0.57	-2.39	1	1.0	1.463	1.0	1.282	1.0	1.722	0.0	-1.0	0.0	-1.0	0.0	-1.0	0.0	-1.0	0.0	-1.0	0.0	-1.0
26.0	45	-7.04	5.47	1	0.0	-1.0	0.0	-1.0	0.0	-1.0	0.0	-1.0	0.0	-1.0	0.0	-1.0	0.0	-1.0	0.0	-1.0	0.0	-1.0
26.0	11	-2.58	13.49	1	0.0	-1.0	0.0	-1.0	0.0	-1.0	0.0	-1.0	0.0	-1.0	0.0	-1.0	0.0	-1.0	0.0	-1.0	0.0	-1.0
26.0	25	5.68	9.77	1	1.0	3.589	1.0	2.771	1.0	2.856	0.0	-1.0	0.0	-1.0	0.0	-1.0	0.0	-1.0	0.0	-1.0	0.0	-1.0
26.0	7	24.31	44.4	1	0.0	-1.0	0.0	-1.0	0.0	-1.0	0.0	-1.0	0.0	-1.0	0.0	-1.0	1.0	2.443	1.0	2.451	1.0	3.722
26.0	43	0.51	13.35	1	0.0	-1.0	0.0	-1.0	0.0	-1.0	0.0	-1.0	0.0	-1.0	0.0	-1.0	1.0	2.69	1.0	2.643	0.0	-1.0
26.0	5	-6.34	46.53	1	0.0	-1.0	1.0	2.769	1.0	2.373	0.0	-1.0	0.0	-1.0	1.0	2.639	0.0	-1.0	0.0	-1.0	0.0	-1.0
26.0	27	5.22	8.9	1	0.0	-1.0	0.0	-1.0	0.0	-1.0	0.0	-1.0	0.0	-1.0	0.0	-1.0	0.0	-1.0	0.0	-1.0	0.0	-1.0
26.0	47	3.89	-3.52	1	0.0	-1.0	0.0	-1.0	0.0	-1.0	0.0	-1.0	0.0	-1.0	0.0	-1.0	0.0	-1.0	0.0	-1.0	0.0	-1.0
26.0	37	2.02	-1.33	1	0.0	-1.0	0.0	-1.0	0.0	-1.0	0.0	-1.0	0.0	-1.0	0.0	-1.0	0.0	-1.0	1.0	0.994	0.0	-1.0
26.0	23	2.66	45.19	1	0.0	-1.0	0.0	-1.0	0.0	-1.0	0.0	-1.0	1.0	0.35	0.0	-1.0	0.0	-1.0	1.0	0.844	0.0	-1.0
26.0	31	-7.26	10.64	1	0.0	-1.0	0.0	-1.0	0.0	-1.0	0.0	-1.0	0.0	-1.0	0.0	-1.0	1.0	1.945	1.0	1.721	1.0	1.749
26.0	9	-3.43	13.49	4	0.0	-1.0	0.0	-1.0	0.0	-1.0	0.0	-1.0	0.0	-1.0	0.0	-1.0	0.0	-1.0	0.0	-1.0	0.0	-1.0
26.0	39	0.23	-2.25	1	1.0	2.407	1.0	2.088	1.0	2.324	0.0	-1.0	0.0	-1.0	0.0	-1.0	1.0	3.035	0.0	-1.0	0.0	-1.0
26.0	22	-2.16	21.08	1	0.0	-1.0	0.0	-1.0	0.0	-1.0	1.0	1.018	1.0	0.769	1.0	1.316	1.0	1.321	1.0	0.784	0.0	-1.0
26.0	33	9.63	10.92	1	0.0	-1.0	0.0	-1.0	0.0	-1.0	0.0	-1.0	0.0	-1.0	0.0	-1.0	0.0	-1.0	0.0	-1.0	0.0	-1.0
26.0	35	8.71	-4.48	1	0.0	-1.0	0.0	-1.0	0.0	-1.0	0.0	-1.0	0.0	-1.0	0.0	-1.0	1.0	2.386	1.0	2.288	1.0	2.403
26.0	1	10.07	-5.68	1	1.0	1.511	1.0	0.975	0.0	-1.0	0.0	-1.0	1.0	0.978	1.0	1.232	0.0	-1.0	0.0	-1.0	0.0	-1.0
26.0	18	1.12	-14.57	1	0.0	-1.0	0.0	-1.0	0.0	-1.0	0.0	-1.0	0.0	-1.0	0.0	-1.0	1.0	1.728	1.0	1.483	1.0	1.608
26.0	13	-1.63	13.77	1	0.0	-1.0	0.0	-1.0	0.0	-1.0	0.0	-1.0	0.0	-1.0	0.0	-1.0	0.0	-1.0	0.0	-1.0	0.0	-1.0
27.0	22	-2.23	21.65	1	0.0	-1.0	0.0	-1.0	0.0	-1.0	1.0	0.947	1.0	0.67	1.0	1.121	1.0	1.242	0.0	-1.0	0.0	-1.0
27.0	1	10.5	-5.68	1	1.0	1.585	1.0	0.976	0.0	-1.0	0.0	-1.0	1.0	0.965	1.0	1.306	0.0	-1.0	0.0	-1.0	0.0	-1.0
27.0	5	-6.16	46.25	1	0.0	-1.0	0.0	-1.0	1.0	2.103	0.0	-1.0	0.0	-1.0	1.0	2.268	0.0	-1.0	0.0	-1.0	0.0	-1.0
27.0	43	0.51	12.76	1	0.0	-1.0	0.0	-1.0	0.0	-1.0	0.0	-1.0	0.0	-1.0	0.0	-1.0	1.0	2.721	1.0	2.647	0.0	-1.0
27.0	35	8.28	-4.62	1	0.0	-1.0	0.0	-1.0	0.0	-1.0	0.0	-1.0	0.0	-1.0	0.0	-1.0	1.0	2.266	1.0	2.177	1.0	2.285
27.0	11	-2.58	13.49	1	0.0	-1.0	0.0	-1.0	0.0	-1.0	0.0	-1.0	0.0	-1.0	0.0	-1.0	0.0	-1.0	0.0	-1.0	0.0	-1.0
27.0	39	0.58	-2.67	1	1.0	2.482	1.0	2.424	1.0	3.025	0.0	-1.0	0.0	-1.0	0.0	-1.0	1.0	2.95	0.0	-1.0	0.0	-1.0
27.0	45	-6.41	5.47	1	0.0	-1.0	0.0	-1.0	0.0	-1.0	0.0	-1.0	0.0	-1.0	0.0	-1.0	0.0	-1.0	0.0	-1.0	0.0	-1.0
27.0	41	-0.28	-2.96	1	1.0	1.633	1.0	1.596	1.0	1.855	1.0	1.842	0.0	-1.0	0.0	-1.0	0.0	-1.0	0.0	-1.0	0.0	-1.0
27.0	33	9.63	10.92	1	0.0	-1.0	0.0	-1.0	0.0	-1.0	0.0	-1.0	0.0	-1.0	0.0	-1.0	0.0	-1.0	0.0	-1.0	0.0	-1.0
27.0	27	4.64	9.05	1	0.0	-1.0	0.0	-1.0	0.0	-1.0	0.0	-1.0	0.0	-1.0	0.0	-1.0	0.0	-1.0	0.0	-1.0	0.0	-1.0
27.0	9	-3.43	13.49	4	0.0	-1.0	0.0	-1.0	0.0	-1.0	0.0	-1.0	0.0	-1.0	0.0	-1.0	0.0	-1.0	0.0	-1.0	0.0	-1.0
27.0	29	-6.62	11.35	1	0.0	-1.0	0.0	-1.0	0.0	-1.0	0.0	-1.0	1.0	1.003	1.0	1.239	1.0	1.414	1.0	0.996	1.0	1.387
27.0	37	2.09	-1.33	1	0.0	-1.0	0.0	-1.0	0.0	-1.0	0.0	-1.0	1.0	0.985	0.0	-1.0	1.0	2.004	1.0	0.957	1.0	1.194
27.0	31	-6.9	10.64	1	0.0	-1.0	0.0	-1.0	0.0	-1.0	0.0	-1.0	0.0	-1.0	0.0	-1.0	1.0	1.921	1.0	1.717	1.0	1.763
27.0	25	5.33	9.91	1	1.0	3.204	1.0	2.63	1.0	2.732	0.0	-1.0	0.0	-1.0	0.0	-1.0	0.0	-1.0	0.0	-1.0	0.0	-1.0
27.0	23	2.66	44.62	1	0.0	-1.0	0.0	-1.0	0.0	-1.0	1.0	0.897	1.0	0.344	1.0	2.407	1.0	1.215	1.0	0.846	1.0	2.572
27.0	47	3.89	-3.52	1	0.0	-1.0	0.0	-1.0	0.0	-1.0	0.0	-1.0	0.0	-1.0	0.0	-1.0	0.0	-1.0	0.0	-1.0	0.0	-1.0
27.0	20	8.28	11.49	1	0.0	-1.0	0.0	-1.0	0.0	-1.0	0.0	-1.0	0.0	-1.0	0.0	-1.0	0.0	-1.0	0.0	-1.0	0.0	-1.0
27.0	18	1.2	-15.42	1	0.0	-1.0	0.0	-1.0	0.0	-1.0	0.0	-1.0	0.0	-1.0	0.0	-1.0	1.0	1.688	1.0	1.358	1.0	1.458
27.0	13	-1.63	13.77	1	0.0	-1.0	0.0	-1.0	0.0	-1.0	0.0	-1.0	0.0	-1.0	0.0	-1.0	0.0	-1.0	0.0	-1.0	0.0	-1.0
27.0	7	24.12	44.49	1	0.0	-1.0	0.0	-1.0	0.0	-1.0	0.0	-1.0	0.0	-1.0	0.0	-1.0	1.0	2.546	1.0	2.539	0.0	-1.0
27.0	15	-1.73	14.71	1	0.0	-1.0	0.0	-1.0	0.0	-1.0	0.0	-1.0	0.0	-1.0	0.0	-1.0	0.0	-1.0	0.0	-1.0	0.0	-1.0
28.0	25	4.97	10.05	1	1.0	2.865	1.0	2.501	1.0	2.567	0.0	-1.0	0.0	-1.0	0.0	-1.0	0.0	-1.0	0.0	-1.0	0.0	-1.0
28.0	29	-6.34	11.49	1	0.0	-1.0	0.0	-1.0	0.0	-1.0	1.0	2.256	1.0	0.875	1.0	1.035	1.0	1.368	1.0	0.867	1.0	1.842
28.0	41	0.12	-3.26	1	1.0	1.997	1.0	1.985	1.0	2.194	0.0	-1.0	0.0	-1.0	0.0	-1.0	1.0	3.675	0.0	-1.0	0.0	-1.0
28.0	7	23.93	44.57	1	0.0	-1.0	0.0	-1.0	0.0	-1.0	0.0	-1.0	0.0	-1.0	0.0	-1.0	1.0	2.623	1.0	2.615	0.0	-1.0
28.0	15	-1.73	14.71	1	0.0	-1.0	0.0	-1.0	0.0	-1.0	0.0	-1.0	0.0	-1.0	0.0	-1.0	0.0	-1.0	0.0	-1.0	0.0	-1.0
28.0	45	-5.84	5.61	1	0.0	-1.0	0.0	-1.0	0.0	-1.0	1.0	1.463	1.0	0.725	1.0	1.08	0.0	-1.0	0.0	-1.0	0.0	-1.0
28.0	47	3.89	-3.52	1	0.0	-1.0	0.0	-1.0	0.0	-1.0	0.0	-1.0	0.0	-1.0	0.0	-1.0	0.0	-1.0	0.0	-1.0	0.0	-1.0
28.0	1	10.92	-5.82	1	1.0	1.312	1.0	0.772	0.0	-1.0	0.0	-1.0	1.0	0.786	1.0	1.064	0.0	-1.0	0.0	-1.0	0.0	-1.0
28.0	39	1.01	-2.96	1	1.0	2.878	1.0	2.894	0.0	-1.0	0.0	-1.0	0.0	-1.0	0.0	-1.0	1.0	2.877	0.0	-1.0	0.0	-1.0
28.0	27	4.14	9.19	1	0.0	-1.0	0.0	-1.0	0.0	-1.0	0.0	-1.0	0.0	-1.0	0.0	-1.0	0.0	-1.0	0.0	-1.0	0.0	-1.0
28.0	20	8.28	11.49	1	0.0	-1.0	0.0	-1.0	0.0	-1.0	0.0	-1.0	0.0	-1.0	0.0	-1.0	0.0	-1.0	0.0	-1.0	0.0	-1.0
28.0	11	-2.58	13.49	1	0.0	-1.0	0.0	-1.0	0.0	-1.0	0.0	-1.0	0.0	-1.0	0.0	-1.0	0.0	-1.0	0.0	-1.0	0.0	-1.0
28.0	33	9.63	10.92	1	0.0	-1.0	0.0	-1.0	0.0	-1.0	0.0	-1.0	0.0	-1.0	0.0	-1.0	0.0	-1.0	0.0	-1.0	0.0	-1.0
28.0	43	0.44	12.34	1	0.0	-1.0	0.0	-1.0	0.0	-1.0	0.0	-1.0	0.0	-1.0	0.0	-1.0	1.0	2.79	1.0	2.791	0.0	-1.0
28.0	22	-2.3	22.07	1	0.0	-1.0	0.0	-1.0	0.0	-1.0	1.0	1.054	1.0	0.6	1.0	1.06	1.0	1.409	0.0	-1.0	0.0	-1.0
28.0	13	-1.63	13.77	1	0.0	-1.0	0.0	-1.0	0.0	-1.0	0.0	-1.0	0.0	-1.0	0.0	-1.0	0.0	-1.0	0.0	-1.0	0.0	-1.0
28.0	18	1.27	-16.27	1	0.0	-1.0	0.0	-1.0	0.0	-1.0	0.0	-1.0	0.0	-1.0	1.0	1.554	1.0	1.636	1.0	1.286	1.0	1.396
28.0	35	7.79	-4.62	1	0.0	-1.0	0.0	-1.0	0.0	-1.0	0.0	-1.0	0.0	-1.0	0.0	-1.0	1.0	2.37	1.0	2.199	1.0	2.334
28.0	9	-3.43	13.49	4	0.0	-1.0	0.0	-1.0	0.0	-1.0	0.0	-1.0	0.0	-1.0	0.0	-1.0	0.0	-1.0	0.0	-1.0	0.0	-1.0
28.0	23	2.66	44.18	1	0.0	-1.0	0.0	-1.0	0.0	-1.0	1.0	0.91	1.0	0.673	1.0	2.15	1.0	1.211	1.0	1.038	1.0	2.137
28.0	5	-6.02	45.97	1	0.0	-1.0	1.0	1.901	1.0	1.829	0.0	-1.0	0.0	-1.0	1.0	1.937	0.0	-1.0	0.0	-1.0	0.0	-1.0
28.0	37	2.09	-1.33	1	0.0	-1.0	0.0	-1.0	0.0	-1.0	0.0	-1.0	1.0	0.985	0.0	-1.0	1.0	2.004	1.0	0.957	1.0	1.194
28.0	31	-6.62	10.78	1	0.0	-1.0	0.0	-1.0	0.0	-1.0	0.0	-1.0	0.0	-1.0	1.0	1.742	1.0	1.894	1.0	1.571	1.0	1.615
29.0	5	-5.88	45.69	1	0.0	-1.0	1.0	1.564	1.0	1.543	0.0	-1.0	0.0	-1.0	1.0	1.551	0.0	-1.0	0.0	-1.0	0.0	-1.0
29.0	35	7.22	-4.62	1	0.0	-1.0	0.0	-1.0	0.0	-1.0	0.0	-1.0	0.0	-1.0	0.0	-1.0	1.0	2.355	1.0	2.237	1.0	2.399
29.0	29	-5.98	11.49	1	0.0	-1.0	0.0	-1.0	0.0	-1.0	1.0	2.21	1.0	0.845	1.0	1.157	1.0	1.398	1.0	0.831	1.0	1.935
29.0	45	-5.19	5.61	1	0.0	-1.0	0.0	-1.0	1.0	2.479	1.0	1.182	1.0	0.73	1.0	1.631	0.0	-1.0	0.0	-1.0	0.0	-1.0
29.0	31	-6.27	10.78	1	0.0	-1.0	0.0	-1.0	0.0	-1.0	0.0	-1.0	0.0	-1.0	1.0	1.745	1.0	1.881	1.0	1.561	1.0	1.559
29.0	13	-1.63	13.77	1	0.0	-1.0	0.0	-1.0	0.0	-1.0	0.0	-1.0	0.0	-1.0	0.0	-1.0	0.0	-1.0	0.0	-1.0	0.0	-1.0
29.0	18	1.35	-17.12	1	0.0	-1.0	0.0	-1.0	0.0	-1.0	0.0	-1.0	0.0	-1.0	1.0	1.457	1.0	1.611	1.0	1.214	1.0	1.425
29.0	37	1.95	-1.33	1	0.0	-1.0	0.0	-1.0	0.0	-1.0	0.0	-1.0	1.0	1.029	0.0	-1.0	1.0	1.271	1.0	1.029	1.0	1.878
29.0	1	11.42	-5.82	1	1.0	1.307	1.0	0.764	0.0	-1.0	1.0	1.59	1.0	0.766	1.0	1.186	0.0	-1.0	0.0	-1.0	0.0	-1.0
29.0	39	1.45	-3.26	1	1.0	3.318	0.0	-1.0	0.0	-1.0	0.0	-1.0	0.0	-1.0	0.0	-1.0	1.0	2.91	0.0	-1.0	0.0	-1.0
29.0	27	3.72	9.49	1	0.0	-1.0	1.0	3.315	1.0	3.148	0.0	-1.0	0.0	-1.0	0.0	-1.0	0.0	-1.0	0.0	-1.0	0.0	-1.0
29.0	33	9.63	10.92	1	0.0	-1.0	0.0	-1.0	0.0	-1.0	0.0	-1.0	0.0	-1.0	0.0	-1.0	0.0	-1.0	0.0	-1.0	0.0	-1.0
29.0	7	23.75	44.66	1	0.0	-1.0	0.0	-1.0	0.0	-1.0	0.0	-1.0	0.0	-1.0	0.0	-1.0	1.0	2.704	1.0	2.713	0.0	-1.0
29.0	9	-3.43	13.49	4	0.0	-1.0	0.0	-1.0	0.0	-1.0	0.0	-1.0	0.0	-1.0	0.0	-1.0	0.0	-1.0	0.0	-1.0	0.0	-1.0
29.0	47	3.89	-3.52	1	0.0	-1.0	0.0	-1.0	0.0	-1.0	0.0	-1.0	0.0	-1.0	0.0	-1.0	0.0	-1.0	0.0	-1.0	0.0	-1.0
29.0	25	4.53	10.2	1	1.0	2.551	1.0	2.376	1.0	2.446	0.0	-1.0	0.0	-1.0	0.0	-1.0	0.0	-1.0	0.0	-1.0	0.0	-1.0
29.0	11	-2.58	13.49	1	0.0	-1.0	0.0	-1.0	0.0	-1.0	0.0	-1.0	0.0	-1.0	0.0	-1.0	0.0	-1.0	0.0	-1.0	0.0	-1.0
29.0	23	2.66	43.74	1	0.0	-1.0	0.0	-1.0	0.0	-1.0	1.0	1.095	0.0	-1.0	1.0	1.487	1.0	1.398	0.0	-1.0	1.0	1.985
29.0	20	8.28	11.49	1	0.0	-1.0	0.0	-1.0	0.0	-1.0	0.0	-1.0	0.0	-1.0	0.0	-1.0	0.0	-1.0	0.0	-1.0	0.0	-1.0
29.0	22	-2.3	22.5	1	0.0	-1.0	0.0	-1.0	0.0	-1.0	1.0	1.051	1.0	0.564	1.0	0.992	1.0	1.392	0.0	-1.0	0.0	-1.0
29.0	15	-1.73	14.71	1	0.0	-1.0	0.0	-1.0	0.0	-1.0	0.0	-1.0	0.0	-1.0	0.0	-1.0	0.0	-1.0	0.0	-1.0	0.0	-1.0
29.0	43	0.37	11.77	1	0.0	-1.0	0.0	-1.0	0.0	-1.0	0.0	-1.0	0.0	-1.0	0.0	-1.0	1.0	2.966	0.0	-1.0	0.0	-1.0
29.0	41	0.62	-3.54	1	1.0	2.501	1.0	2.5	0.0	-1.0	0.0	-1.0	0.0	-1.0	0.0	-1.0	1.0	3.567	0.0	-1.0	0.0	-1.0
30.0	29	-5.56	11.49	1	0.0	-1.0	0.0	-1.0	0.0	-1.0	1.0	2.323	1.0	0.835	1.0	1.192	1.0	1.393	1.0	0.848	1.0	1.908
30.0	23	2.66	43.31	1	0.0	-1.0	0.0	-1.0	0.0	-1.0	1.0	1.481	0.0	-1.0	1.0	1.485	1.0	1.734	0.0	-1.0	1.0	1.47
30.0	37	1.88	-1.33	1	0.0	-1.0	0.0	-1.0	0.0	-1.0	0.0	-1.0	0.0	-1.0	0.0	-1.0	0.0	-1.0	0.0	-1.0	0.0	-1.0
30.0	39	1.95	-3.54	1	1.0	3.846	0.0	-1.0	0.0	-1.0	0.0	-1.0	0.0	-1.0	0.0	-1.0	1.0	2.974	0.0	-1.0	0.0	-1.0
30.0	7	23.56	44.75	1	0.0	-1.0	0.0	-1.0	0.0	-1.0	0.0	-1.0	0.0	-1.0	0.0	-1.0	1.0	2.751	1.0	2.791	0.0	-1.0
30.0	35	6.73	-4.62	1	0.0	-1.0	0.0	-1.0	0.0	-1.0	0.0	-1.0	0.0	-1.0	0.0	-1.0	1.0	2.392	1.0	2.282	1.0	2.411
30.0	1	11.86	-5.82	1	1.0	1.432	0.0	-1.0	0.0	-1.0	1.0	1.091	1.0	0.726	1.0	1.221	0.0	-1.0	0.0	-1.0	0.0	-1.0
30.0	9	-3.43	13.49	4	0.0	-1.0	0.0	-1.0	0.0	-1.0	0.0	-1.0	0.0	-1.0	0.0	-1.0	0.0	-1.0	0.0	-1.0	0.0	-1.0
30.0	31	-5.98	10.92	1	0.0	-1.0	0.0	-1.0	0.0	-1.0	0.0	-1.0	0.0	-1.0	1.0	1.648	1.0	1.786	1.0	1.383	1.0	1.407
30.0	41	1.13	-3.96	1	1.0	3.043	1.0	3.256	0.0	-1.0	0.0	-1.0	0.0	-1.0	0.0	-1.0	1.0	3.702	0.0	-1.0	0.0	-1.0
30.0	13	-1.63	13.77	1	0.0	-1.0	0.0	-1.0	0.0	-1.0	0.0	-1.0	0.0	-1.0	0.0	-1.0	0.0	-1.0	0.0	-1.0	0.0	-1.0
30.0	25	4.18	10.35	1	1.0	2.354	1.0	2.223	1.0	2.269	0.0	-1.0	0.0	-1.0	0.0	-1.0	0.0	-1.0	0.0	-1.0	0.0	-1.0
30.0	5	-5.81	45.4	1	1.0	2.7	1.0	1.267	1.0	1.315	0.0	-1.0	1.0	1.239	1.0	1.274	0.0	-1.0	0.0	-1.0	1.0	2.62
30.0	27	3.43	9.77	1	1.0	4.076	1.0	2.851	0.0	-1.0	0.0	-1.0	0.0	-1.0	0.0	-1.0	0.0	-1.0	0.0	-1.0	0.0	-1.0
30.0	33	9.63	10.92	1	0.0	-1.0	0.0	-1.0	0.0	-1.0	0.0	-1.0	0.0	-1.0	0.0	-1.0	0.0	-1.0	0.0	-1.0	0.0	-1.0
30.0	20	8.28	11.49	1	0.0	-1.0	0.0	-1.0	0.0	-1.0	0.0	-1.0	0.0	-1.0	0.0	-1.0	0.0	-1.0	0.0	-1.0	0.0	-1.0
30.0	22	-2.3	22.92	1	0.0	-1.0	0.0	-1.0	0.0	-1.0	1.0	0.927	1.0	0.596	1.0	1.242	1.0	1.258	0.0	-1.0	0.0	-1.0
30.0	47	3.89	-3.52	1	0.0	-1.0	0.0	-1.0	0.0	-1.0	0.0	-1.0	0.0	-1.0	0.0	-1.0	0.0	-1.0	0.0	-1.0	0.0	-1.0
30.0	11	-2.58	13.49	1	0.0	-1.0	0.0	-1.0	0.0	-1.0	0.0	-1.0	0.0	-1.0	0.0	-1.0	0.0	-1.0	0.0	-1.0	0.0	-1.0
30.0	15	-1.73	14.71	1	0.0	-1.0	0.0	-1.0	0.0	-1.0	0.0	-1.0	0.0	-1.0	0.0	-1.0	0.0	-1.0	0.0	-1.0	0.0	-1.0
30.0	18	1.42	-17.63	1	0.0	-1.0	0.0	-1.0	0.0	-1.0	0.0	-1.0	1.0	1.427	1.0	1.43	1.0	1.483	1.0	1.115	1.0	1.234
30.0	45	-4.62	5.61	1	0.0	-1.0	0.0	-1.0	1.0	2.012	1.0	1.549	1.0	0.749	1.0	1.417	0.0	-1.0	0.0	-1.0	0.0	-1.0
30.0	43	0.3	11.35	1	0.0	-1.0	0.0	-1.0	0.0	-1.0	0.0	-1.0	0.0	-1.0	0.0	-1.0	1.0	3.243	0.0	-1.0	0.0	-1.0
31.0	43	0.23	10.78	1	0.0	-1.0	0.0	-1.0	0.0	-1.0	0.0	-1.0	0.0	-1.0	0.0	-1.0	1.0	3.597	0.0	-1.0	0.0	-1.0
31.0	11	-2.58	13.49	1	0.0	-1.0	0.0	-1.0	0.0	-1.0	0.0	-1.0	0.0	-1.0	0.0	-1.0	0.0	-1.0	0.0	-1.0	0.0	-1.0
31.0	22	-2.3	23.51	1	0.0	-1.0	0.0	-1.0	0.0	-1.0	1.0	1.031	1.0	0.575	1.0	1.23	0.0	-1.0	0.0	-1.0	0.0	-1.0
31.0	18	1.42	-18.27	1	0.0	-1.0	0.0	-1.0	0.0	-1.0	0.0	-1.0	1.0	1.175	1.0	1.173	1.0	1.62	1.0	1.105	1.0	1.431
31.0	35	6.14	-4.62	1	0.0	-1.0	0.0	-1.0	0.0	-1.0	0.0	-1.0	0.0	-1.0	0.0	-1.0	1.0	2.444	1.0	2.343	1.0	2.475
31.0	33	9.63	10.92	1	0.0	-1.0	0.0	-1.0	0.0	-1.0	0.0	-1.0	0.0	-1.0	0.0	-1.0	0.0	-1.0	0.0	-1.0	0.0	-1.0
31.0	31	-5.7	11.06	1	0.0	-1.0	0.0	-1.0	0.0	-1.0	0.0	-1.0	1.0	1.333	1.0	1.523	1.0	1.622	1.0	1.269	1.0	1.272
31.0	5	-5.81	45.4	1	1.0	2.7	1.0	1.267	1.0	1.315	0.0	-1.0	1.0	1.239	1.0	1.274	0.0	-1.0	0.0	-1.0	1.0	2.62
31.0	23	2.66	42.89	1	0.0	-1.0	0.0	-1.0	0.0	-1.0	1.0	1.898	1.0	0.89	1.0	1.698	1.0	2.107	1.0	1.11	0.0	-1.0
31.0	9	-3.43	13.49	4	0.0	-1.0	0.0	-1.0	0.0	-1.0	0.0	-1.0	0.0	-1.0	0.0	-1.0	0.0	-1.0	0.0	-1.0	0.0	-1.0
31.0	13	-1.63	13.77	1	0.0	-1.0	0.0	-1.0	0.0	-1.0	0.0	-1.0	0.0	-1.0	0.0	-1.0	0.0	-1.0	0.0	-1.0	0.0	-1.0
31.0	1	12.28	-5.82	1	1.0	1.458	0.0	-1.0	0.0	-1.0	1.0	1.124	1.0	0.708	1.0	0.997	0.0	-1.0	0.0	-1.0	0.0	-1.0
31.0	27	3.15	10.2	1	1.0	3.118	1.0	2.418	1.0	2.474	0.0	-1.0	0.0	-1.0	0.0	-1.0	0.0	-1.0	0.0	-1.0	0.0	-1.0
31.0	39	2.37	-3.82	1	0.0	-1.0	0.0	-1.0	0.0	-1.0	0.0	-1.0	0.0	-1.0	0.0	-1.0	1.0	3.149	0.0	-1.0	0.0	-1.0
31.0	41	1.66	-4.32	1	1.0	3.578	0.0	-1.0	0.0	-1.0	0.0	-1.0	0.0	-1.0	1.0	3.065	0.0	-1.0	0.0	-1.0	0.0	-1.0
31.0	7	23.37	44.83	1	0.0	-1.0	0.0	-1.0	0.0	-1.0	0.0	-1.0	0.0	-1.0	0.0	-1.0	1.0	2.871	1.0	2.933	0.0	-1.0
31.0	37	1.81	-1.33	1	0.0	-1.0	0.0	-1.0	1.0	3.752	1.0	1.142	1.0	1.142	0.0	-1.0	1.0	1.31	1.0	1.818	0.0	-1.0
31.0	29	-5.19	11.49	1	0.0	-1.0	0.0	-1.0	0.0	-1.0	1.0	2.33	1.0	0.846	1.0	1.104	1.0	1.461	1.0	0.842	1.0	2.059
31.0	25	3.82	10.5	1	1.0	2.26	1.0	2.109	1.0	2.131	0.0	-1.0	0.0	-1.0	0.0	-1.0	0.0	-1.0	0.0	-1.0	0.0	-1.0
31.0	15	-1.73	14.71	1	0.0	-1.0	0.0	-1.0	0.0	-1.0	0.0	-1.0	0.0	-1.0	0.0	-1.0	0.0	-1.0	0.0	-1.0	0.0	-1.0
31.0	45	-3.98	5.75	1	1.0	2.756	1.0	0.882	1.0	1.48	1.0	1.306	1.0	0.887	0.0	-1.0	0.0	-1.0	0.0	-1.0	0.0	-1.0
31.0	20	8.28	11.49	1	0.0	-1.0	0.0	-1.0	0.0	-1.0	0.0	-1.0	0.0	-1.0	0.0	-1.0	0.0	-1.0	0.0	-1.0	0.0	-1.0
31.0	47	3.89	-3.52	1	0.0	-1.0	0.0	-1.0	0.0	-1.0	0.0	-1.0	0.0	-1.0	0.0	-1.0	0.0	-1.0	0.0	-1.0	0.0	-1.0
32.0	43	0.16	10.35	1	0.0	-1.0	0.0	-1.0	0.0	-1.0	0.0	-1.0	0.0	-1.0	0.0	-1.0	0.0	-1.0	0.0	-1.0	0.0	-1.0
32.0	15	-1.73	14.71	1	0.0	-1.0	0.0	-1.0	0.0	-1.0	0.0	-1.0	0.0	-1.0	0.0	-1.0	0.0	-1.0	0.0	-1.0	0.0	-1.0
32.0	1	12.64	-5.82	1	1.0	1.21	0.0	-1.0	0.0	-1.0	1.0	1.193	1.0	0.674	1.0	1.013	0.0	-1.0	0.0	-1.0	0.0	-1.0
32.0	23	2.66	42.46	1	0.0	-1.0	0.0	-1.0	0.0	-1.0	1.0	2.324	1.0	0.361	1.0	1.324	1.0	2.48	1.0	1.618	0.0	-1.0
32.0	37	1.66	-1.33	1	1.0	1.746	0.0	-1.0	1.0	4.008	1.0	1.277	1.0	1.299	0.0	-1.0	1.0	2.009	0.0	-1.0	0.0	-1.0
32.0	13	-1.63	13.77	1	0.0	-1.0	0.0	-1.0	0.0	-1.0	0.0	-1.0	0.0	-1.0	0.0	-1.0	0.0	-1.0	0.0	-1.0	0.0	-1.0
32.0	41	2.16	-4.69	1	0.0	-1.0	0.0	-1.0	1.0	2.557	0.0	-1.0	0.0	-1.0	1.0	2.566	0.0	-1.0	0.0	-1.0	0.0	-1.0
32.0	35	5.65	-4.62	1	0.0	-1.0	0.0	-1.0	0.0	-1.0	0.0	-1.0	0.0	-1.0	0.0	-1.0	1.0	2.499	1.0	2.377	1.0	2.618
32.0	45	-3.33	5.75	1	1.0	2.691	1.0	0.875	0.0	-1.0	1.0	1.239	1.0	0.88	0.0	-1.0	0.0	-1.0	0.0	-1.0	0.0	-1.0
32.0	39	2.8	-4.11	1	0.0	-1.0	0.0	-1.0	1.0	3.085	0.0	-1.0	0.0	-1.0	1.0	3.216	1.0	3.401	0.0	-1.0	0.0	-1.0
32.0	5	-5.81	45.4	1	1.0	2.7	1.0	1.267	1.0	1.315	0.0	-1.0	1.0	1.239	1.0	1.274	0.0	-1.0	0.0	-1.0	1.0	2.62
32.0	33	9.63	10.92	1	0.0	-1.0	0.0	-1.0	0.0	-1.0	0.0	-1.0	0.0	-1.0	0.0	-1.0	0.0	-1.0	0.0	-1.0	0.0	-1.0
32.0	11	-2.58	13.49	1	0.0	-1.0	0.0	-1.0	0.0	-1.0	0.0	-1.0	0.0	-1.0	0.0	-1.0	0.0	-1.0	0.0	-1.0	0.0	-1.0
32.0	29	-4.83	11.49	1	0.0	-1.0	0.0	-1.0	0.0	-1.0	1.0	2.298	1.0	0.833	1.0	1.125	1.0	1.359	1.0	0.841	1.0	2.071
32.0	9	-3.43	13.49	4	0.0	-1.0	0.0	-1.0	0.0	-1.0	0.0	-1.0	0.0	-1.0	0.0	-1.0	0.0	-1.0	0.0	-1.0	0.0	-1.0
32.0	7	23.19	44.92	1	0.0	-1.0	0.0	-1.0	0.0	-1.0	0.0	-1.0	0.0	-1.0	0.0	-1.0	1.0	2.94	1.0	3.043	0.0	-1.0
32.0	25	3.4	10.64	1	1.0	2.125	1.0	1.982	1.0	1.984	0.0	-1.0	0.0	-1.0	0.0	-1.0	0.0	-1.0	0.0	-1.0	0.0	-1.0
32.0	22	-2.3	23.95	1	0.0	-1.0	0.0	-1.0	0.0	-1.0	1.0	0.925	1.0	0.583	1.0	1.083	0.0	-1.0	0.0	-1.0	0.0	-1.0
32.0	27	2.87	10.5	1	1.0	2.5	1.0	2.133	0.0	-1.0	0.0	-1.0	0.0	-1.0	0.0	-1.0	0.0	-1.0	0.0	-1.0	0.0	-1.0
32.0	20	8.28	11.49	1	0.0	-1.0	0.0	-1.0	0.0	-1.0	0.0	-1.0	0.0	-1.0	0.0	-1.0	0.0	-1.0	0.0	-1.0	0.0	-1.0
32.0	31	-5.26	11.06	1	0.0	-1.0	0.0	-1.0	0.0	-1.0	0.0	-1.0	1.0	1.412	1.0	1.502	1.0	1.64	1.0	1.269	1.0	1.273
32.0	47	3.89	-3.52	1	0.0	-1.0	0.0	-1.0	0.0	-1.0	0.0	-1.0	0.0	-1.0	0.0	-1.0	0.0	-1.0	0.0	-1.0	0.0	-1.0
32.0	18	1.36	-17.98	1	0.0	-1.0	0.0	-1.0	0.0	-1.0	0.0	-1.0	0.0	-1.0	1.0	1.45	1.0	1.672	1.0	1.172	1.0	1.424
33.0	1	12.99	-5.82	1	1.0	1.381	0.0	-1.0	0.0	-1.0	1.0	1.003	1.0	0.66	1.0	1.089	0.0	-1.0	0.0	-1.0	0.0	-1.0
33.0	13	-1.63	13.77	1	0.0	-1.0	0.0	-1.0	0.0	-1.0	0.0	-1.0	0.0	-1.0	0.0	-1.0	0.0	-1.0	0.0	-1.0	0.0	-1.0
33.0	11	-2.58	13.49	1	0.0	-1.0	0.0	-1.0	0.0	-1.0	0.0	-1.0	0.0	-1.0	0.0	-1.0	0.0	-1.0	0.0	-1.0	0.0	-1.0
33.0	7	23.0	45.0	1	0.0	-1.0	0.0	-1.0	0.0	-1.0	0.0	-1.0	0.0	-1.0	0.0	-1.0	1.0	3.005	1.0	3.158	0.0	-1.0
33.0	25	3.12	10.92	1	1.0	1.915	1.0	1.702	1.0	1.706	0.0	-1.0	0.0	-1.0	0.0	-1.0	0.0	-1.0	0.0	-1.0	0.0	-1.0
33.0	20	8.28	11.49	1	0.0	-1.0	0.0	-1.0	0.0	-1.0	0.0	-1.0	0.0	-1.0	0.0	-1.0	0.0	-1.0	0.0	-1.0	0.0	-1.0
33.0	29	-4.48	11.63	1	0.0	-1.0	0.0	-1.0	0.0	-1.0	1.0	1.224	1.0	0.684	1.0	1.055	1.0	1.26	1.0	0.708	1.0	1.715
33.0	9	-3.43	13.49	4	0.0	-1.0	0.0	-1.0	0.0	-1.0	0.0	-1.0	0.0	-1.0	0.0	-1.0	0.0	-1.0	0.0	-1.0	0.0	-1.0
33.0	37	1.59	-1.33	1	1.0	1.441	0.0	-1.0	1.0	3.951	1.0	1.346	1.0	1.346	0.0	-1.0	1.0	1.853	0.0	-1.0	0.0	-1.0
33.0	5	-5.81	45.4	1	1.0	2.7	1.0	1.267	1.0	1.315	0.0	-1.0	1.0	1.239	1.0	1.274	0.0	-1.0	0.0	-1.0	1.0	2.62
33.0	45	-2.69	5.75	1	0.0	-1.0	1.0	1.058	0.0	-1.0	1.0	1.225	1.0	1.126	0.0	-1.0	0.0	-1.0	0.0	-1.0	0.0	-1.0
33.0	41	2.66	-5.04	1	0.0	-1.0	0.0	-1.0	1.0	2.159	0.0	-1.0	0.0	-1.0	1.0	2.167	0.0	-1.0	0.0	-1.0	1.0	3.117
33.0	22	-2.3	24.52	1	0.0	-1.0	0.0	-1.0	0.0	-1.0	1.0	0.941	1.0	0.576	1.0	1.13	0.0	-1.0	0.0	-1.0	0.0	-1.0
33.0	35	5.08	-4.55	1	0.0	-1.0	0.0	-1.0	0.0	-1.0	0.0	-1.0	0.0	-1.0	0.0	-1.0	1.0	2.617	1.0	2.509	1.0	2.638
33.0	33	9.63	10.92	1	0.0	-1.0	0.0	-1.0	0.0	-1.0	0.0	-1.0	0.0	-1.0	0.0	-1.0	0.0	-1.0	0.0	-1.0	0.0	-1.0
33.0	31	-4.9	11.06	1	0.0	-1.0	0.0	-1.0	0.0	-1.0	0.0	-1.0	1.0	1.454	1.0	1.503	1.0	1.591	1.0	1.273	1.0	1.284
33.0	27	2.58	10.92	1	1.0	1.866	1.0	1.813	1.0	1.865	0.0	-1.0	0.0	-1.0	0.0	-1.0	0.0	-1.0	0.0	-1.0	0.0	-1.0
33.0	18	1.23	-16.45	1	0.0	-1.0	0.0	-1.0	0.0	-1.0	0.0	-1.0	0.0	-1.0	1.0	2.871	1.0	1.719	1.0	1.348	1.0	1.445
33.0	47	3.89	-3.52	1	0.0	-1.0	0.0	-1.0	0.0	-1.0	0.0	-1.0	0.0	-1.0	0.0	-1.0	0.0	-1.0	0.0	-1.0	0.0	-1.0
33.0	15	-1.73	14.71	1	0.0	-1.0	0.0	-1.0	0.0	-1.0	0.0	-1.0	0.0	-1.0	0.0	-1.0	0.0	-1.0	0.0	-1.0	0.0	-1.0
33.0	39	3.29	-4.39	1	0.0	-1.0	0.0	-1.0	1.0	2.759	0.0	-1.0	0.0	-1.0	1.0	2.838	1.0	3.702	0.0	-1.0	0.0	-1.0
33.0	23	2.66	42.04	1	0.0	-1.0	0.0	-1.0	0.0	-1.0	0.0	-1.0	1.0	0.321	1.0	1.717	1.0	3.627	1.0	1.917	0.0	-1.0
33.0	43	0.09	9.91	1	0.0	-1.0	0.0	-1.0	0.0	-1.0	0.0	-1.0	0.0	-1.0	0.0	-1.0	0.0	-1.0	0.0	-1.0	0.0	-1.0
34.0	20	8.28	11.49	1	0.0	-1.0	0.0	-1.0	0.0	-1.0	0.0	-1.0	0.0	-1.0	0.0	-1.0	0.0	-1.0	0.0	-1.0	0.0	-1.0
34.0	47	3.89	-3.52	1	0.0	-1.0	0.0	-1.0	0.0	-1.0	0.0	-1.0	0.0	-1.0	0.0	-1.0	0.0	-1.0	0.0	-1.0	0.0	-1.0
34.0	9	-3.43	13.49	4	0.0	-1.0	0.0	-1.0	0.0	-1.0	0.0	-1.0	0.0	-1.0	0.0	-1.0	0.0	-1.0	0.0	-1.0	0.0	-1.0
34.0	25	2.83	11.35	1	1.0	1.563	1.0	1.341	1.0	1.699	0.0	-1.0	1.0	1.335	0.0	-1.0	0.0	-1.0	0.0	-1.0	0.0	-1.0
34.0	27	2.23	11.2	1	1.0	1.753	1.0	1.767	0.0	-1.0	0.0	-1.0	0.0	-1.0	0.0	-1.0	0.0	-1.0	0.0	-1.0	0.0	-1.0
34.0	15	-1.73	14.71	1	0.0	-1.0	0.0	-1.0	0.0	-1.0	0.0	-1.0	0.0	-1.0	0.0	-1.0	0.0	-1.0	0.0	-1.0	0.0	-1.0
34.0	39	3.79	-4.53	1	0.0	-1.0	0.0	-1.0	1.0	2.592	0.0	-1.0	0.0	-1.0	1.0	2.626	1.0	3.808	0.0	-1.0	0.0	-1.0
34.0	33	9.63	10.92	1	0.0	-1.0	0.0	-1.0	0.0	-1.0	0.0	-1.0	0.0	-1.0	0.0	-1.0	0.0	-1.0	0.0	-1.0	0.0	-1.0
34.0	7	22.81	45.09	1	0.0	-1.0	0.0	-1.0	0.0	-1.0	0.0	-1.0	0.0	-1.0	0.0	-1.0	1.0	3.115	1.0	3.305	0.0	-1.0
34.0	31	-4.48	11.06	1	0.0	-1.0	0.0	-1.0	0.0	-1.0	0.0	-1.0	0.0	-1.0	1.0	1.471	1.0	1.589	1.0	1.252	1.0	1.308
34.0	37	1.59	-1.19	1	0.0	-1.0	0.0	-1.0	0.0	-1.0	0.0	-1.0	0.0	-1.0	0.0	-1.0	0.0	-1.0	0.0	-1.0	0.0	-1.0
34.0	29	-4.12	11.77	1	0.0	-1.0	0.0	-1.0	0.0	-1.0	1.0	0.76	1.0	0.56	1.0	0.902	1.0	1.255	1.0	0.561	1.0	1.49
34.0	23	2.66	41.61	1	0.0	-1.0	0.0	-1.0	0.0	-1.0	0.0	-1.0	1.0	0.687	1.0	0.98	0.0	-1.0	1.0	1.068	0.0	-1.0
34.0	5	-5.81	45.4	1	1.0	2.7	1.0	1.267	1.0	1.315	0.0	-1.0	1.0	1.239	1.0	1.274	0.0	-1.0	0.0	-1.0	1.0	2.62
34.0	18	1.1	-14.92	1	0.0	-1.0	0.0	-1.0	0.0	-1.0	0.0	-1.0	0.0	-1.0	0.0	-1.0	1.0	1.799	1.0	1.49	1.0	1.567
34.0	43	0.02	9.33	1	0.0	-1.0	0.0	-1.0	0.0	-1.0	0.0	-1.0	0.0	-1.0	0.0	-1.0	0.0	-1.0	0.0	-1.0	0.0	-1.0
34.0	13	-1.63	13.77	1	0.0	-1.0	0.0	-1.0	0.0	-1.0	0.0	-1.0	0.0	-1.0	0.0	-1.0	0.0	-1.0	0.0	-1.0	0.0	-1.0
34.0	35	4.64	-4.55	1	0.0	-1.0	0.0	-1.0	0.0	-1.0	0.0	-1.0	0.0	-1.0	0.0	-1.0	1.0	2.628	1.0	2.539	1.0	2.679
34.0	41	3.19	-5.33	1	0.0	-1.0	0.0	-1.0	1.0	1.824	0.0	-1.0	0.0	-1.0	1.0	1.846	0.0	-1.0	0.0	-1.0	1.0	2.676
34.0	11	-2.58	13.49	1	0.0	-1.0	0.0	-1.0	0.0	-1.0	0.0	-1.0	0.0	-1.0	0.0	-1.0	0.0	-1.0	0.0	-1.0	0.0	-1.0
34.0	22	-2.3	24.94	1	0.0	-1.0	0.0	-1.0	0.0	-1.0	1.0	1.054	1.0	0.596	1.0	1.076	0.0	-1.0	0.0	-1.0	0.0	-1.0
34.0	1	13.42	-5.82	1	1.0	1.227	0.0	-1.0	0.0	-1.0	1.0	1.218	1.0	0.612	1.0	0.969	0.0	-1.0	0.0	-1.0	0.0	-1.0
34.0	45	-2.12	5.89	1	1.0	1.282	1.0	1.287	0.0	-1.0	1.0	1.698	0.0	-1.0	0.0	-1.0	0.0	-1.0	0.0	-1.0	0.0	-1.0
35.0	43	-0.05	8.9	1	0.0	-1.0	0.0	-1.0	0.0	-1.0	0.0	-1.0	0.0	-1.0	0.0	-1.0	0.0	-1.0	0.0	-1.0	0.0	-1.0
35.0	25	2.62	11.91	1	1.0	1.425	1.0	0.915	1.0	1.749	1.0	1.915	1.0	0.919	0.0	-1.0	0.0	-1.0	0.0	-1.0	0.0	-1.0
35.0	20	8.28	11.49	1	0.0	-1.0	0.0	-1.0	0.0	-1.0	0.0	-1.0	0.0	-1.0	0.0	-1.0	0.0	-1.0	0.0	-1.0	0.0	-1.0
35.0	13	-1.63	13.77	1	0.0	-1.0	0.0	-1.0	0.0	-1.0	0.0	-1.0	0.0	-1.0	0.0	-1.0	0.0	-1.0	0.0	-1.0	0.0	-1.0
35.0	11	-2.58	13.49	1	0.0	-1.0	0.0	-1.0	0.0	-1.0	0.0	-1.0	0.0	-1.0	0.0	-1.0	0.0	-1.0	0.0	-1.0	0.0	-1.0
35.0	41	3.72	-5.54	1	0.0	-1.0	1.0	1.739	1.0	1.583	0.0	-1.0	1.0	1.599	1.0	1.575	0.0	-1.0	0.0	-1.0	1.0	2.437
35.0	22	-2.3	25.51	1	0.0	-1.0	0.0	-1.0	0.0	-1.0	1.0	0.963	1.0	0.544	1.0	1.385	0.0	-1.0	0.0	-1.0	0.0	-1.0
35.0	23	2.66	41.03	1	0.0	-1.0	0.0	-1.0	0.0	-1.0	1.0	0.919	1.0	0.762	1.0	0.995	1.0	1.509	0.0	-1.0	0.0	-1.0
35.0	33	9.63	10.92	1	0.0	-1.0	0.0	-1.0	0.0	-1.0	0.0	-1.0	0.0	-1.0	0.0	-1.0	0.0	-1.0	0.0	-1.0	0.0	-1.0
35.0	18	0.97	-13.39	1	0.0	-1.0	0.0	-1.0	0.0	-1.0	0.0	-1.0	0.0	-1.0	0.0	-1.0	1.0	1.898	1.0	1.617	1.0	1.754
35.0	45	-1.49	5.89	1	1.0	1.98	0.0	-1.0	0.0	-1.0	1.0	2.141	0.0	-1.0	0.0	-1.0	0.0	-1.0	0.0	-1.0	0.0	-1.0
35.0	1	13.77	-5.82	1	1.0	1.275	0.0	-1.0	0.0	-1.0	1.0	1.05	1.0	0.574	1.0	1.049	0.0	-1.0	0.0	-1.0	0.0	-1.0
35.0	31	-4.12	11.2	1	0.0	-1.0	0.0	-1.0	0.0	-1.0	0.0	-1.0	1.0	1.127	1.0	1.418	1.0	1.559	1.0	1.116	1.0	1.144
35.0	35	4.14	-4.41	1	0.0	-1.0	0.0	-1.0	0.0	-1.0	0.0	-1.0	0.0	-1.0	0.0	-1.0	1.0	2.868	1.0	2.673	1.0	2.87
35.0	29	-3.75	12.05	1	0.0	-1.0	0.0	-1.0	0.0	-1.0	1.0	0.505	1.0	0.283	1.0	0.605	1.0	1.32	1.0	1.692	1.0	1.269
35.0	37	1.59	-1.19	1	0.0	-1.0	0.0	-1.0	0.0	-1.0	0.0	-1.0	0.0	-1.0	0.0	-1.0	0.0	-1.0	0.0	-1.0	0.0	-1.0
35.0	9	-3.43	13.49	4	0.0	-1.0	0.0	-1.0	0.0	-1.0	0.0	-1.0	0.0	-1.0	0.0	-1.0	0.0	-1.0	0.0	-1.0	0.0	-1.0
35.0	27	1.95	11.63	1	1.0	1.599	1.0	1.604	0.0	-1.0	0.0	-1.0	0.0	-1.0	0.0	-1.0	0.0	-1.0	0.0	-1.0	0.0	-1.0
35.0	39	4.28	-4.69	1	0.0	-1.0	1.0	2.691	1.0	2.39	0.0	-1.0	0.0	-1.0	1.0	2.444	0.0	-1.0	0.0	-1.0	0.0	-1.0
35.0	7	22.63	45.17	1	0.0	-1.0	0.0	-1.0	0.0	-1.0	0.0	-1.0	0.0	-1.0	0.0	-1.0	1.0	3.194	1.0	3.457	0.0	-1.0
35.0	15	-1.73	14.71	1	0.0	-1.0	0.0	-1.0	0.0	-1.0	0.0	-1.0	0.0	-1.0	0.0	-1.0	0.0	-1.0	0.0	-1.0	0.0	-1.0
35.0	47	3.89	-3.52	1	0.0	-1.0	0.0	-1.0	0.0	-1.0	0.0	-1.0	0.0	-1.0	0.0	-1.0	0.0	-1.0	0.0	-1.0	0.0	-1.0
36.0	43	-0.12	8.34	1	0.0	-1.0	0.0	-1.0	0.0	-1.0	0.0	-1.0	0.0	-1.0	0.0	-1.0	0.0	-1.0	0.0	-1.0	0.0	-1.0
36.0	33	9.63	10.92	1	0.0	-1.0	0.0	-1.0	0.0	-1.0	0.0	-1.0	0.0	-1.0	0.0	-1.0	0.0	-1.0	0.0	-1.0	0.0	-1.0
36.0	45	-0.85	5.89	1	1.0	2.287	0.0	-1.0	0.0	-1.0	1.0	2.27	0.0	-1.0	0.0	-1.0	0.0	-1.0	0.0	-1.0	0.0	-1.0
36.0	1	14.13	-5.82	1	1.0	1.36	0.0	-1.0	0.0	-1.0	1.0	1.343	1.0	0.565	1.0	1.087	0.0	-1.0	0.0	-1.0	0.0	-1.0
36.0	39	4.78	-4.83	1	0.0	-1.0	1.0	2.533	1.0	2.217	0.0	-1.0	0.0	-1.0	1.0	2.29	0.0	-1.0	0.0	-1.0	0.0	-1.0
36.0	13	-1.63	13.77	1	0.0	-1.0	0.0	-1.0	0.0	-1.0	0.0	-1.0	0.0	-1.0	0.0	-1.0	0.0	-1.0	0.0	-1.0	0.0	-1.0
36.0	31	-3.75	11.35	1	0.0	-1.0	0.0	-1.0	0.0	-1.0	0.0	-1.0	1.0	0.978	1.0	1.192	1.0	1.423	1.0	0.988	1.0	1.332
36.0	7	22.44	45.26	1	0.0	-1.0	0.0	-1.0	0.0	-1.0	0.0	-1.0	0.0	-1.0	0.0	-1.0	1.0	3.298	0.0	-1.0	0.0	-1.0
36.0	25	2.34	12.34	1	1.0	1.366	1.0	0.92	1.0	1.933	1.0	0.959	1.0	0.926	0.0	-1.0	0.0	-1.0	0.0	-1.0	0.0	-1.0
36.0	27	1.66	11.91	1	1.0	1.692	1.0	1.676	0.0	-1.0	1.0	1.9	0.0	-1.0	0.0	-1.0	0.0	-1.0	0.0	-1.0	0.0	-1.0
36.0	9	-3.43	13.49	4	0.0	-1.0	0.0	-1.0	0.0	-1.0	0.0	-1.0	0.0	-1.0	0.0	-1.0	0.0	-1.0	0.0	-1.0	0.0	-1.0
36.0	35	3.65	-4.27	1	0.0	-1.0	0.0	-1.0	0.0	-1.0	0.0	-1.0	0.0	-1.0	0.0	-1.0	0.0	-1.0	0.0	-1.0	0.0	-1.0
36.0	11	-2.58	13.49	1	0.0	-1.0	0.0	-1.0	0.0	-1.0	0.0	-1.0	0.0	-1.0	0.0	-1.0	0.0	-1.0	0.0	-1.0	0.0	-1.0
36.0	23	2.66	40.61	1	0.0	-1.0	0.0	-1.0	0.0	-1.0	1.0	0.933	1.0	0.501	1.0	1.011	1.0	2.518	0.0	-1.0	0.0	-1.0
36.0	18	0.84	-11.86	1	0.0	-1.0	0.0	-1.0	0.0	-1.0	0.0	-1.0	0.0	-1.0	0.0	-1.0	1.0	2.018	1.0	1.781	1.0	1.948
36.0	29	-3.47	12.2	1	0.0	-1.0	0.0	-1.0	0.0	-1.0	1.0	0.439	1.0	0.128	1.0	0.452	1.0	1.224	1.0	0.617	1.0	1.265
36.0	41	4.21	-5.54	1	0.0	-1.0	1.0	1.654	1.0	1.537	0.0	-1.0	0.0	-1.0	1.0	1.557	0.0	-1.0	0.0	-1.0	1.0	2.56
36.0	15	-1.73	14.71	1	0.0	-1.0	0.0	-1.0	0.0	-1.0	0.0	-1.0	0.0	-1.0	0.0	-1.0	0.0	-1.0	0.0	-1.0	0.0	-1.0
36.0	37	1.59	-1.19	1	0.0	-1.0	0.0	-1.0	0.0	-1.0	0.0	-1.0	0.0	-1.0	0.0	-1.0	0.0	-1.0	0.0	-1.0	0.0	-1.0
36.0	20	8.28	11.49	1	0.0	-1.0	0.0	-1.0	0.0	-1.0	0.0	-1.0	0.0	-1.0	0.0	-1.0	0.0	-1.0	0.0	-1.0	0.0	-1.0
36.0	22	-2.23	25.93	1	0.0	-1.0	0.0	-1.0	0.0	-1.0	1.0	1.477	1.0	0.703	1.0	1.423	0.0	-1.0	0.0	-1.0	0.0	-1.0
36.0	47	3.89	-3.52	1	0.0	-1.0	0.0	-1.0	0.0	-1.0	0.0	-1.0	0.0	-1.0	0.0	-1.0	0.0	-1.0	0.0	-1.0	0.0	-1.0
37.0	7	22.26	45.35	1	0.0	-1.0	0.0	-1.0	0.0	-1.0	0.0	-1.0	0.0	-1.0	0.0	-1.0	1.0	3.372	0.0	-1.0	0.0	-1.0
37.0	47	3.89	-3.52	1	0.0	-1.0	0.0	-1.0	0.0	-1.0	0.0	-1.0	0.0	-1.0	0.0	-1.0	0.0	-1.0	0.0	-1.0	0.0	-1.0
37.0	45	-0.19	6.04	1	0.0	-1.0	0.0	-1.0	0.0	-1.0	0.0	-1.0	0.0	-1.0	0.0	-1.0	0.0	-1.0	0.0	-1.0	0.0	-1.0
37.0	13	-1.63	13.77	1	0.0	-1.0	0.0	-1.0	0.0	-1.0	0.0	-1.0	0.0	-1.0	0.0	-1.0	0.0	-1.0	0.0	-1.0	0.0	-1.0
37.0	18	0.71	-10.33	1	0.0	-1.0	0.0	-1.0	0.0	-1.0	0.0	-1.0	0.0	-1.0	0.0	-1.0	1.0	2.221	1.0	1.963	1.0	2.046
37.0	29	-3.12	12.34	4	0.0	-1.0	0.0	-1.0	0.0	-1.0	1.0	0.447	1.0	0.032	0.0	-1.0	1.0	1.388	1.0	0.385	1.0	1.244
37.0	22	-2.23	26.36	1	0.0	-1.0	0.0	-1.0	0.0	-1.0	1.0	1.0	1.0	0.627	1.0	1.171	0.0	-1.0	0.0	-1.0	0.0	-1.0
37.0	33	9.63	10.92	1	0.0	-1.0	0.0	-1.0	0.0	-1.0	0.0	-1.0	0.0	-1.0	0.0	-1.0	0.0	-1.0	0.0	-1.0	0.0	-1.0
37.0	9	-3.43	13.49	4	0.0	-1.0	0.0	-1.0	0.0	-1.0	0.0	-1.0	0.0	-1.0	0.0	-1.0	0.0	-1.0	0.0	-1.0	0.0	-1.0
37.0	27	1.38	12.34	1	1.0	1.831	1.0	1.952	0.0	-1.0	1.0	1.821	0.0	-1.0	0.0	-1.0	0.0	-1.0	0.0	-1.0	0.0	-1.0
37.0	1	14.55	-5.82	1	0.0	-1.0	0.0	-1.0	0.0	-1.0	1.0	1.31	1.0	0.523	1.0	1.178	0.0	-1.0	0.0	-1.0	0.0	-1.0
37.0	35	3.22	-4.27	1	0.0	-1.0	0.0	-1.0	0.0	-1.0	0.0	-1.0	0.0	-1.0	0.0	-1.0	0.0	-1.0	0.0	-1.0	0.0	-1.0
37.0	15	-1.73	14.71	1	0.0	-1.0	0.0	-1.0	0.0	-1.0	0.0	-1.0	0.0	-1.0	0.0	-1.0	0.0	-1.0	0.0	-1.0	0.0	-1.0
37.0	37	1.59	-1.19	1	0.0	-1.0	0.0	-1.0	0.0	-1.0	0.0	-1.0	0.0	-1.0	0.0	-1.0	0.0	-1.0	0.0	-1.0	0.0	-1.0
37.0	11	-2.58	13.49	1	0.0	-1.0	0.0	-1.0	0.0	-1.0	0.0	-1.0	0.0	-1.0	0.0	-1.0	0.0	-1.0	0.0	-1.0	0.0	-1.0
37.0	25	2.27	12.76	1	1.0	1.35	1.0	0.961	1.0	2.166	1.0	0.921	1.0	0.913	0.0	-1.0	0.0	-1.0	0.0	-1.0	0.0	-1.0
37.0	39	5.29	-4.97	1	0.0	-1.0	1.0	2.36	1.0	2.035	0.0	-1.0	0.0	-1.0	1.0	2.072	0.0	-1.0	0.0	-1.0	0.0	-1.0
37.0	20	8.28	11.49	1	0.0	-1.0	0.0	-1.0	0.0	-1.0	0.0	-1.0	0.0	-1.0	0.0	-1.0	0.0	-1.0	0.0	-1.0	0.0	-1.0
37.0	41	4.85	-5.68	1	0.0	-1.0	1.0	1.47	1.0	1.357	0.0	-1.0	1.0	1.357	1.0	1.386	0.0	-1.0	0.0	-1.0	1.0	2.476
37.0	43	-0.19	7.91	1	0.0	-1.0	0.0	-1.0	0.0	-1.0	0.0	-1.0	0.0	-1.0	0.0	-1.0	0.0	-1.0	0.0	-1.0	0.0	-1.0
37.0	31	-3.4	11.49	1	0.0	-1.0	0.0	-1.0	0.0	-1.0	1.0	2.152	1.0	0.82	0.0	-1.0	1.0	1.4	1.0	0.848	1.0	1.208
38.0	29	-2.76	12.48	1	0.0	-1.0	0.0	-1.0	0.0	-1.0	1.0	0.606	1.0	0.261	0.0	-1.0	1.0	1.307	1.0	0.597	0.0	-1.0
38.0	11	-2.58	13.49	1	0.0	-1.0	0.0	-1.0	0.0	-1.0	0.0	-1.0	0.0	-1.0	0.0	-1.0	0.0	-1.0	0.0	-1.0	0.0	-1.0
38.0	9	-3.43	13.49	4	0.0	-1.0	0.0	-1.0	0.0	-1.0	0.0	-1.0	0.0	-1.0	0.0	-1.0	0.0	-1.0	0.0	-1.0	0.0	-1.0
38.0	47	3.89	-3.52	1	0.0	-1.0	0.0	-1.0	0.0	-1.0	0.0	-1.0	0.0	-1.0	0.0	-1.0	0.0	-1.0	0.0	-1.0	0.0	-1.0
38.0	27	1.31	12.78	1	1.0	1.869	1.0	2.008	0.0	-1.0	1.0	1.886	0.0	-1.0	0.0	-1.0	0.0	-1.0	0.0	-1.0	0.0	-1.0
38.0	20	8.28	11.49	1	0.0	-1.0	0.0	-1.0	0.0	-1.0	0.0	-1.0	0.0	-1.0	0.0	-1.0	0.0	-1.0	0.0	-1.0	0.0	-1.0
38.0	22	-2.23	26.94	1	0.0	-1.0	0.0	-1.0	0.0	-1.0	1.0	1.249	1.0	0.59	1.0	1.073	0.0	-1.0	0.0	-1.0	0.0	-1.0
38.0	25	2.19	13.06	1	1.0	1.321	1.0	0.977	1.0	2.165	1.0	0.946	1.0	0.967	0.0	-1.0	0.0	-1.0	0.0	-1.0	0.0	-1.0
38.0	43	-0.27	7.35	1	0.0	-1.0	0.0	-1.0	1.0	3.592	0.0	-1.0	0.0	-1.0	0.0	-1.0	0.0	-1.0	0.0	-1.0	0.0	-1.0
38.0	31	-3.04	11.63	1	0.0	-1.0	0.0	-1.0	0.0	-1.0	1.0	1.455	1.0	0.677	0.0	-1.0	1.0	1.33	1.0	0.663	1.0	1.231
38.0	7	22.07	45.43	1	0.0	-1.0	0.0	-1.0	0.0	-1.0	0.0	-1.0	0.0	-1.0	0.0	-1.0	1.0	3.437	0.0	-1.0	0.0	-1.0
38.0	41	5.5	-5.82	1	0.0	-1.0	1.0	1.404	0.0	-1.0	0.0	-1.0	1.0	1.164	1.0	1.177	0.0	-1.0	0.0	-1.0	1.0	2.474
38.0	13	-1.63	13.77	1	0.0	-1.0	0.0	-1.0	0.0	-1.0	0.0	-1.0	0.0	-1.0	0.0	-1.0	0.0	-1.0	0.0	-1.0	0.0	-1.0
38.0	39	5.79	-4.97	1	0.0	-1.0	1.0	2.435	1.0	2.01	0.0	-1.0	0.0	-1.0	1.0	2.095	0.0	-1.0	0.0	-1.0	0.0	-1.0
38.0	37	1.59	-1.19	1	0.0	-1.0	0.0	-1.0	0.0	-1.0	0.0	-1.0	0.0	-1.0	0.0	-1.0	0.0	-1.0	0.0	-1.0	0.0	-1.0
38.0	1	14.9	-5.82	1	0.0	-1.0	0.0	-1.0	0.0	-1.0	1.0	1.119	1.0	0.507	1.0	0.929	0.0	-1.0	0.0	-1.0	0.0	-1.0
38.0	35	2.73	-4.12	1	0.0	-1.0	0.0	-1.0	0.0	-1.0	0.0	-1.0	0.0	-1.0	0.0	-1.0	0.0	-1.0	0.0	-1.0	0.0	-1.0
38.0	33	9.63	10.92	1	0.0	-1.0	0.0	-1.0	0.0	-1.0	0.0	-1.0	0.0	-1.0	0.0	-1.0	0.0	-1.0	0.0	-1.0	0.0	-1.0
38.0	45	0.37	6.04	1	0.0	-1.0	0.0	-1.0	1.0	2.896	0.0	-1.0	0.0	-1.0	0.0	-1.0	0.0	-1.0	0.0	-1.0	0.0	-1.0
38.0	18	0.58	-8.8	1	1.0	2.193	1.0	2.093	1.0	2.37	0.0	-1.0	0.0	-1.0	0.0	-1.0	0.0	-1.0	0.0	-1.0	0.0	-1.0
38.0	15	-1.73	14.71	1	0.0	-1.0	0.0	-1.0	0.0	-1.0	0.0	-1.0	0.0	-1.0	0.0	-1.0	0.0	-1.0	0.0	-1.0	0.0	-1.0
39.0	18	0.45	-7.27	1	1.0	2.337	1.0	2.238	0.0	-1.0	0.0	-1.0	0.0	-1.0	0.0	-1.0	0.0	-1.0	0.0	-1.0	1.0	3.078
39.0	13	-1.63	13.77	1	0.0	-1.0	0.0	-1.0	0.0	-1.0	0.0	-1.0	0.0	-1.0	0.0	-1.0	0.0	-1.0	0.0	-1.0	0.0	-1.0
39.0	11	-2.58	13.49	1	0.0	-1.0	0.0	-1.0	0.0	-1.0	0.0	-1.0	0.0	-1.0	0.0	-1.0	0.0	-1.0	0.0	-1.0	0.0	-1.0
39.0	15	-1.73	14.71	1	0.0	-1.0	0.0	-1.0	0.0	-1.0	0.0	-1.0	0.0	-1.0	0.0	-1.0	0.0	-1.0	0.0	-1.0	0.0	-1.0
39.0	7	21.88	45.52	1	0.0	-1.0	0.0	-1.0	0.0	-1.0	0.0	-1.0	0.0	-1.0	0.0	-1.0	1.0	3.541	0.0	-1.0	0.0	-1.0
39.0	27	1.24	13.2	1	1.0	1.92	1.0	2.042	0.0	-1.0	1.0	1.925	0.0	-1.0	0.0	-1.0	0.0	-1.0	0.0	-1.0	0.0	-1.0
39.0	47	3.89	-3.52	1	0.0	-1.0	0.0	-1.0	0.0	-1.0	0.0	-1.0	0.0	-1.0	0.0	-1.0	0.0	-1.0	0.0	-1.0	0.0	-1.0
39.0	22	-2.23	27.38	1	0.0	-1.0	0.0	-1.0	0.0	-1.0	1.0	1.663	1.0	0.712	1.0	1.659	0.0	-1.0	0.0	-1.0	0.0	-1.0
39.0	25	2.12	13.49	1	1.0	1.251	1.0	1.058	1.0	2.333	1.0	1.041	1.0	1.013	0.0	-1.0	0.0	-1.0	0.0	-1.0	0.0	-1.0
39.0	9	-3.43	13.49	4	0.0	-1.0	0.0	-1.0	0.0	-1.0	0.0	-1.0	0.0	-1.0	0.0	-1.0	0.0	-1.0	0.0	-1.0	0.0	-1.0
39.0	43	-0.34	6.92	1	0.0	-1.0	0.0	-1.0	1.0	3.258	0.0	-1.0	0.0	-1.0	0.0	-1.0	0.0	-1.0	0.0	-1.0	0.0	-1.0
39.0	29	-2.62	12.62	1	0.0	-1.0	1.0	0.469	0.0	-1.0	1.0	0.386	1.0	0.409	0.0	-1.0	0.0	-1.0	1.0	0.594	0.0	-1.0
39.0	31	-2.83	11.63	1	0.0	-1.0	0.0	-1.0	0.0	-1.0	1.0	1.398	1.0	0.698	0.0	-1.0	1.0	1.414	1.0	0.677	0.0	-1.0
39.0	1	15.28	-5.82	1	0.0	-1.0	0.0	-1.0	0.0	-1.0	1.0	1.183	1.0	0.452	1.0	0.908	0.0	-1.0	0.0	-1.0	0.0	-1.0
39.0	45	1.01	6.2	1	0.0	-1.0	0.0	-1.0	1.0	2.433	0.0	-1.0	0.0	-1.0	0.0	-1.0	0.0	-1.0	0.0	-1.0	0.0	-1.0
39.0	33	9.63	10.92	1	0.0	-1.0	0.0	-1.0	0.0	-1.0	0.0	-1.0	0.0	-1.0	0.0	-1.0	0.0	-1.0	0.0	-1.0	0.0	-1.0
39.0	35	2.23	-3.96	1	0.0	-1.0	0.0	-1.0	0.0	-1.0	0.0	-1.0	0.0	-1.0	0.0	-1.0	0.0	-1.0	0.0	-1.0	0.0	-1.0
39.0	37	1.59	-1.19	1	0.0	-1.0	0.0	-1.0	0.0	-1.0	0.0	-1.0	0.0	-1.0	0.0	-1.0	0.0	-1.0	0.0	-1.0	0.0	-1.0
39.0	39	6.37	-4.97	1	0.0	-1.0	1.0	2.344	1.0	1.926	0.0	-1.0	0.0	-1.0	1.0	2.203	0.0	-1.0	0.0	-1.0	0.0	-1.0
39.0	41	6.16	-5.82	1	0.0	-1.0	1.0	1.307	0.0	-1.0	0.0	-1.0	1.0	1.107	1.0	1.136	0.0	-1.0	0.0	-1.0	1.0	2.452
39.0	20	8.28	11.49	1	0.0	-1.0	0.0	-1.0	0.0	-1.0	0.0	-1.0	0.0	-1.0	0.0	-1.0	0.0	-1.0	0.0	-1.0	0.0	-1.0
40.0	7	21.7	45.6	1	0.0	-1.0	0.0	-1.0	0.0	-1.0	0.0	-1.0	0.0	-1.0	0.0	-1.0	1.0	3.628	0.0	-1.0	0.0	-1.0
